428
364
860
311
445
280
847
493
350
267
756
520
608
827
411
688
398
280
281
267
463
364
708
431
836
811
612
466
611
543
291
297
227
371
793
454
758
629
235
790
321
828
378
574
422
773
560
326
407
525
628
773
632
416
293
232
413
798
634
582
494
685
642
249
646
283
649
632
436
445
712
295
775
548
458
471
752
765
660
547
620
636
548
295
312
373
597
359
187
338
468
513
782
558
453
186
329
381
527
142
162
286
159
522
314
388
654
437
217
418
591
320
327
640
308
332
543
660
618
352
371
576
715
127
646
469
382
352
666
736
719
575
202
235
579
567
623
285
107
663
420
300
642
164
481
158
597
329
318
671
245
466
556
596
614
132
646
401
283
644
457
508
222
315
553
122
172
617
327
119
82
245
415
521
87
86
513
75
576
58
257
362
391
517
635
429
216
353
188
313
172
549
137
219
615
356
421
519
240
58
463
79
574
232
377
40
498
591
197
208
190
286
513
585
487
179
221
379
516
417
544
398
475
23
171
38
118
165
455
257
185
517
187
509
628
632
623
225
172
314
542
448
353
267
463
440
204
532
392
529
382
428
531
438
45
27
484
539
208
474
34
82
564
-9
157
143
340
425
-16
-17
93
537
251
424
142
356
368
333
188
187
526
297
443
457
402
52
21
324
227
125
91
429
116
244
427
-9
-9
338
208
487
17
-54
407
4
309
296
314
89
501
410
502
470
151
210
484
243
466
-25
405
0
191
186
52
450
522
147
50
56
353
-86
305
534
22
277
-21
504
122
343
416
427
483
385
150
385
392
-5
255
208
53
-100
334
321
279
-17
383
144
-95
400
57
231
415
38
-5
-46
455
231
415
234
-124
-85
198
65
390
384
369
106
83
495
444
370
464
380
76
4
71
87
188
106
0
432
-50
424
456
68
178
42
-84
-50
43
-148
297
322
273
400
385
-135
198
37
352
-138
354
-43
-89
253
345
-40
242
-10
284
67
176
187
166
-11
300
106
300
-110
-58
92
400
-71
185
352
-184
202
-64
44
-176
-188
321
234
-75
295
-145
380
137
269
158
114
179
342
201
-35
-52
-179
216
-96
405
-116
36
387
130
-189
42
79
355
237
-172
188
202
336
364
172
172
146
241
321
330
376
-182
125
-208
297
145
-1
210
-234
123
362
265
252
260
101
77
364
262
128
-35
222
18
135
70
-203
166
116
-95
-220
215
-254
148
19
-30
-202
-246
-246
204
-76
209
21
28
346
159
-20
113
146
55
261
66
338
-148
244
-197
-133
26
-56
88
75
-161
194
-146
62
26
-239
-131
-53
-106
111
172
322
297
36
181
174
279
-218
-46
-66
-193
-80
179
-98
286
-274
3
68
139
-269
259
-84
-31
-61
274
223
-172
-131
32
279
-294
-77
-321
199
-203
-158
36
-61
273
7
-210
158
30
188
68
-43
-345
-330
-120
-80
-19
-350
-89
-30
132
-292
243
-130
-9
270
228
92
-309
-91
-263
-47
239
-273
-56
-235
-245
-378
86
-325
52
19
-319
-289
-336
-110
-228
-181
-250
34
55
-144
-10
-202
-324
-303
-121
185
-87
42
-339
-8
119
-201
-332
186
-376
28
-227
-17
-207
199
142
-296
22
-103
-12
201
-57
175
131
-210
-197
105
-24
-330
-219
82
-414
-42
-420
-291
151
-420
-225
-279
189
-333
176
102
-347
-112
115
-261
-116
-389
-451
-230
36
29
117
-262
2
-360
-295
-403
85
2
70
-65
-244
-183
5
152
46
-438
-279
-439
-131
47
5
-382
-136
-56
-425
-300
-144
-226
-474
-101
-285
-437
-66
-262
-323
-35
-410
-2
-461
-135
-35
-177
-245
-24
-100
-391
-105
111
-3
-88
-77
81
-251
-248
48
-354
-2
75
-336
-513
-12
-245
44
-239
66
-138
-512
-63
-186
42
-167
-17
-327
10
-225
-21
-514
-213
-51
-26
60
-225
-361
-162
-434
-537
82
-232
-436
27
-83
37
-233
-239
-261
-530
51
-202
-51
-471
-332
-324
17
-150
-398
-265
39
-216
-538
-215
-444
-176
-32
11
2
-243
-332
48
-467
-471
-126
-278
-226
-351
-176
57
-358
-297
-476
-555
-207
-238
-307
-126
-408
-377
3
-279
-322
-473
-585
-88
-569
-158
-105
-14
-316
-130
-85
-328
-551
-106
-34
-516
-605
-447
-239
-175
-71
-92
-287
-405
-205
-344
-510
-479
-461
-349
-144
-65
-390
0
-27
-183
-406
-213
-495
-86
-397
-382
-282
-388
-334
-615
-232
-308
-182
-184
-367
-454
-481
-459
-116
-579
-607
-245
-71
-85
-250
-275
-37
-153
-240
-167
-292
-404
-106
-388
-492
-151
-409
-40
-370
-143
-551
-658
-131
-599
-603
-552
-640
-584
-187
-566
-474
-371
-310
-363
-380
-613
-449
-321
-308
-496
-74
-239
-256
-110
-263
-609
-357
-118
-476
-349
-694
-473
-191
-649
-81
-263
-149
-587
-270
-685
-701
-177
-530
-330
-162
-462
-589
-630
-713
-203
-281
-304
-564
-575
-688
-557
-337
-483
-684
-707
-704
-715
-188
-169
-635
-718
-561
-265
-668
-592
-129
-237
-548
-500
-187
-641
-507
-327
-618
-351
-643
-163
-445
-423
-535
-396
-335
-326
-137
-498
-313
-548
-674
-438
-535
-640
-302
-612
-331
-605
-486
-648
-549
-532
-610
-765
-696
-710
-414
-521
-504
-578
-747
-318
-238
-240
-468
-306
-583
-711
-314
-779
-235
-683
-532
-685
-504
-697
-327
-703
-271
-420
-616
-348
-724
-451
-636
-417
-506
-415
-361
-658
-588
-604
-582
-800
-481
-261
-611
-401
-743
-680
-265
-744
-504
-492
-739
-260
-651
-369
-270
-616
-331
-825
-723
-486
-666
-803
-689
-221
-449
-825
-284
-424
-303
-651
-687
-299
-679
-652
-486
-732
-381
-476
-310
-717
-414
-699
-704
-458
-790
-585
-757
-820
-356
-409
-516
-429
-242
-442
-360
-601
-695
-776
-412
-628
-468
-744
-824
-729
-363
-789
-541
-491
-481
-430
-758
-393
-740
-415
-621
-700
-635
-753
-339
-806
-484
-367
-694
-413
-763
-329
-405
-571
-279
-476
-452
-516
-587
-763
-652
-493
-316
-731
-737
-614
-793
-700
-914
-728
-390
-613
-676
-649
-759
-400
-512
-577
-540
-485
-855
-445
-501
-356
-703
-854
-319
-827
-839
-667
-442
-312
-436
-613
-602
-740
-744
-711
-691
-844
-664
-782
-778
-752
-694
-590
-649
-674
-955
-754
-916
-491
-502
-947
-370
-863
-718
-506
-713
-651
-430
-732
-927
-711
-578
-347
-858
-702
-492
-460
-522
-350
-678
-616
-667
-706
-456
-700
-815
-523
-852
-836
-809
-791
-720
-473
-614
-634
-512
-839
-533
-617
-724
-494
-457
-998
-490
-408
-691
-945
-763
-533
-377
-718
-420
-1011
-748
-570
-645
-645
-721
-445
-1018
-684
-560
-962
-1020
-827
-821
-471
-716
-822
-710
-429
-713
-602
-810
-792
-762
-866
-914
-509
-925
-739
-669
-624
-831
-568
-574
-1035
-549
-926
-739
-787
-823
-614
-684
-730
-980
-648
-422
-549
-589
-782
-743
-545
-863
-878
-810
-738
-997
-708
-479
-499
-1067
-611
-855
-624
-735
-549
-967
-514
-443
-753
-533
-889
-944
-471
-949
-702
-824
-789
-776
-468
-657
-806
-948
-942
-856
-1043
-489
-785
-468
-970
-841
-875
-554
-881
-774
-968
-689
-941
-890
-1089
-973
-678
-1068
-680
-1103
-884
-933
-821
-750
-895
-703
-625
-570
-660
-1128
-891
-607
-900
-984
-760
-800
-996
-573
-1019
-1134
-882
-724
-1121
-739
-562
-1126
-1023
-947
-1125
-994
-995
-716
-1032
-1012
-779
-844
-791
-690
-993
-558
-782
-910
-605
-943
-521
-993
-975
-781
-1024
-927
-1168
-775
-734
-1141
-917
-875
-734
-793
-756
-731
-802
-857
-1152
-1180
-795
-854
-757
-1089
-1047
-806
-903
-1049
-762
-1103
-824
-836
-924
-859
-806
-684
-641
-799
-879
-677
-864
-1162
-971
-870
-615
-640
-572
-900
-1203
-832
-743
-938
-581
-1111
-792
-867
-895
-1207
-1087
-1039
-864
-1010
-819
-701
-813
-969
-1215
-1024
-954
-1219
-968
-827
-1056
-1086
-1075
-714
-1196
-734
-1043
-630
-1058
-1087
-1071
-764
-1017
-719
-892
-652
-839
-853
-1081
-1121
-942
-1004
-1048
-772
-838
-1104
-847
-1112
-838
-842
-685
-1124
-756
-1011
-669
-1145
-629
-1150
-1060
-1136
-885
-1103
-969
-883
-1273
-898
-1138
-975
-1006
-743
-780
-1113
-839
-1200
-766
-852
-1242
-730
-1106
-712
-1212
-1132
-1142
-1196
-823
-840
-1029
-984
-1083
-1180
-1036
-823
-862
-706
-1215
-915
-758
-841
-757
-697
-1295
-999
-1285
-731
-725
-851
-1248
-1112
-712
-797
-1291
-1023
-1207
-714
-1293
-1137
-1281
-945
-813
-1017
-1180
-825
-1231
-1060
-1012
-1104
-1231
-981
-1241
-880
-1314
-858
-1052
-874
-787
-1222
-714
-1305
-748
-1258
-1349
-1268
-891
-1253
-924
-1076
-1041
-1022
-1020
-1107
-907
-730
-1013
-1148
-1132
-1135
-1338
-851
-1006
-1112
-770
-1158
-932
-836
-751
-1352
-841
-1146
-1101
-1197
-1338
-937
-870
-1286
-1123
-878
-1301
-1049
-1309
-1337
-772
-894
-1304
-1110
-1179
-1334
-973
-774
-1199
-919
-1251
-1182
-1242
-1371
-1227
-1282
-880
-1158
-1030
-836
-1024
-1174
-1363
-1192
-1028
-985
-1385
-880
-904
-789
-809
-846
-1153
-1060
-1234
-1346
-823
-1315
-995
-845
-1093
-1349
-1307
-1232
-1348
-1065
-1104
-1271
-908
-1052
-1166
-1251
-1114
-1042
-1278
-1388
-853
-1369
-1434
-1421
-1264
-1154
-1371
-1077
-1207
-1386
-1204
-1289
-1401
-1047
-1072
-1435
-831
-989
-858
-1344
-1302
-1353
-1216
-1468
-1016
-1152
-1112
-914
-1098
-1393
-1189
-1416
-1332
-1372
-909
-981
-1207
-1333
-927
-1007
-1256
-1399
-953
-1433
-934
-1049
-1104
-1265
-1063
-1148
-996
-1197
-1365
-1332
-873
-1057
-1061
-1361
-1366
-1509
-1412
-1459
-1253
-1051
-979
-1420
-1293
-1188
-1520
-1505
-932
-1491
-913
-1291
-1501
-1174
-1104
-1030
-1385
-1336
-1078
-1433
-1526
-1244
-1202
-1244
-1176
-1237
-1523
-1468
-1149
-1363
-1159
-1282
-1126
-1148
-987
-914
-1303
-1184
-980
-1145
-1208
-1009
-1408
-1505
-1031
-1130
-1242
-1013
-1134
-1501
-1527
-1383
-1337
-1063
-1184
-1286
-1206
-1238
-1100
-1078
-1321
-999
-1406
-1235
-1304
-1467
-938
-1251
-1187
-1447
-1360
-1030
-1273
-1028
-1261
-1480
-987
-1511
-1530
-956
-1517
-958
-1122
-1129
-1367
-1140
-1042
-1339
-1459
-1342
-1128
-1003
-1096
-1373
-1581
-1113
-1045
-1187
-1415
-1007
-1409
-1207
-1435
-1207
-1245
-1353
-1121
-1374
-1603
-1505
-1065
-983
-1161
-1174
-1439
-1345
-1045
-1541
-1600
-1527
-1219
-1168
-1033
-1467
-1278
-1089
-1285
-1009
-1240
-1044
-1008
-1615
-1135
-1472
-1372
-1170
-1012
-1478
-1262
-1576
-1323
-1210
-1204
-1323
-1253
-1074
-1165
-1639
-1603
-1124
-1199
-1575
-1514
-1175
-1360
-1639
-1427
-1112
-1543
-1280
-1224
-1409
-1226
-1288
-1099
-1620
-1558
-1311
-1525
-1224
-1596
-1379
-1641
-1605
-1137
-1154
-1106
-1154
-1156
-1202
-1462
-1362
-1493
-1657
-1362
-1444
-1450
-1573
-1562
-1387
-1321
-1363
-1465
-1293
-1376
-1371
-1171
-1525
-1624
-1071
-1537
-1645
-1223
-1548
-1231
-1470
-1178
-1705
-1386
-1661
-1584
-1350
-1441
-1650
-1459
-1277
-1713
-1491
-1441
-1643
-1455
-1392
-1337
-1492
-1601
-1688
-1660
-1483
-1664
-1476
-1730
-1740
-1744
-1558
-1499
-1651
-1364
-1538
-1191
-1701
-1613
-1213
-1700
-1539
-1377
-1199
-1570
-1380
-1427
-1248
-1148
-1490
-1285
-1258
-1432
-1752
-1171
-1568
-1229
-1748
-1310
-1271
-1320
-1727
-1507
-1368
-1417
-1680
-1364
-1485
-1479
-1177
-1476
-1581
-1346
-1386
-1670
-1164
-1452
-1585
-1303
-1674
-1691
-1508
-1267
-1727
-1229
-1780
-1270
-1312
-1363
-1440
-1236
-1220
-1366
-1432
-1266
-1694
-1238
-1373
-1244
-1793
-1246
-1488
-1625
-1712
-1354
-1239
-1195
-1422
-1693
-1408
-1791
-1405
-1387
-1546
-1695
-1492
-1447
-1724
-1236
-1625
-1387
-1295
-1397
-1313
-1636
-1491
-1720
-1806
-1626
-1613
-1373
-1799
-1451
-1626
-1384
-1457
-1492
-1674
-1749
-1706
-1821
-1219
-1752
-1423
-1437
-1831
-1519
-1492
-1320
-1239
-1697
-1622
-1503
-1417
-1715
-1402
-1807
-1343
-1406
-1489
-1578
-1663
-1621
-1551
-1536
-1446
-1853
-1658
-1292
-1877
-1318
-1682
-1311
-1693
-1258
-1433
-1589
-1773
-1650
-1333
-1888
-1503
-1729
-1788
-1895
-1361
-1402
-1763
-1328
-1832
-1356
-1701
-1639
-1722
-1614
-1527
-1622
-1554
-1498
-1852
-1869
-1689
-1469
-1895
-1404
-1429
-1432
-1905
-1329
-1284
-1610
-1653
-1720
-1907
-1863
-1808
-1586
-1453
-1378
-1722
-1619
-1455
-1810
-1407
-1439
-1678
-1531
-1559
-1467
-1518
-1602
-1827
-1319
-1804
-1701
-1753
-1655
-1407
-1767
-1364
-1769
-1323
-1392
-1441
-1438
-1890
-1664
-1554
-1339
-1552
-1522
-1961
-1422
-1546
-1518
-1737
-1473
-1505
-1710
-1774
-1569
-1775
-1609
-1860
-1643
-1812
-1616
-1549
-1506
-1406
-1877
-1880
-1822
-1535
-1919
-1796
-1575
-1819
-1382
-1549
-1632
-1990
-1742
-1503
-1704
-1876
-1735
-1615
-1803
-1615
-1934
-1571
-1695
-1671
-1908
-1454
-1742
-1744
-1899
-1482
-1855
-1387
-1862
-1658
-1850
-1738
-1541
-1498
-1670
-1891
-1813
-1759
-1989
-2017
-1617
-1663
-1507
-1815
-1748
-1477
-1555
-1739
-1825
-1923
-1483
-1535
-1939
-1982
-1540
-1493
-1958
-1935
-1711
-2008
-1600
-1935
-1991
-1839
-1971
-1477
-2011
-1679
-1631
-1557
-1799
-2009
-1883
-1510
-1627
-1682
-1702
-1504
-2066
-1867
-1563
-2027
-1826
-1784
-2074
-1511
-1912
-1730
-2070
-2050
-1629
-1765
-1843
-1631
-1905
-1953
-1486
-1502
-1664
-2002
-1555
-1550
-1798
-1975
-1701
-1473
-1998
-1580
-1595
-1841
-1514
-1812
-1755
-2063
-1588
-1621
-1504
-1642
-2059
-1839
-2063
-1536
-1811
-1682
-1918
-2051
-2078
-1691
-1746
-1733
-1949
-1647
-2116
-1997
-1669
-1994
-1756
-1509
-1699
-1779
-1845
-1664
-1810
-1674
-1729
-1817
-2012
-1987
-1914
-1898
-2070
-1513
-2023
-1891
-1900
-1866
-1646
-1923
-1876
-1930
-2132
-1669
-1724
-1897
-1628
-2117
-2065
-1678
-1939
-2016
-2043
-1989
-1743
-1655
-2031
-1549
-1931
-1893
-1705
-2023
-1760
-2080
-2154
-1770
-1820
-2051
-1796
-1901
-1947
-1817
-1720
-1988
-2149
-1591
-1941
-1786
-2135
-1747
-1728
-1797
-2068
-1616
-1821
-1919
-2039
-1564
-2010
-1747
-1985
-1556
-2005
-1894
-1644
-1840
-1973
-2084
-2021
-1623
-1865
-1792
-1728
-1917
-2137
-1967
-2077
-2038
-1937
-1642
-2151
-2139
-1955
-1587
-1827
-1724
-1929
-1758
-1932
-1925
-2016
-2200
-1788
-1644
-1921
-1932
-1990
-2070
-1678
-1659
-1829
-1746
-1870
-2223
-1979
-2193
-2044
-1758
-1694
-1908
-1949
-2225
-1746
-2180
-1738
-2191
-2015
-1971
-1921
-2063
-2094
-1717
-1656
-1716
-1938
-1934
-1822
-2225
-1926
-1710
-1853
-1782
-2017
-2184
-1988
-1819
-1872
-1638
-2085
-1687
-1951
-1680
-1924
-2095
-2131
-2282
-1651
-2160
-1918
-1669
-1910
-2212
-1758
-1766
-1915
-2120
-1736
-2018
-2240
-1849
-2266
-1781
-2032
-2073
-2000
-1671
-2041
-1774
-1770
-1951
-1942
-1687
-1882
-2045
-1945
-2252
-2275
-2098
-2212
-1753
-1835
-1984
-2309
-1845
-1816
-2125
-2030
-2060
-2091
-2250
-1821
-2277
-1866
-2024
-2161
-2304
-1863
-1694
-1717
-1948
-2144
-1828
-1762
-1792
-2304
-1741
-1801
-1809
-1775
-1737
-1770
-2268
-1786
-2225
-2208
-1815
-1963
-1780
-2001
-2196
-1754
-1917
-1789
-1972
-1933
-1985
-1923
-1799
-1828
-1995
-2308
-1940
-1973
-2136
-2358
-2311
-2337
-1816
-2340
-2332
-2086
-2115
-2025
-2270
-1912
-2293
-2369
-1966
-2355
-1841
-2338
-2327
-1896
-1761
-2187
-1997
-2139
-2319
-2223
-2067
-2208
-2215
-2000
-2281
-1889
-2251
-1780
-1864
-2160
-2046
-1936
-1921
-2178
-2157
-1783
-2035
-2134
-2193
-2090
-2198
-2253
-2303
-1798
-2379
-1867
-2075
-2185
-2124
-2317
-1836
-2338
-2380
-2297
-2215
-2321
-2380
-2420
-1816
-1831
-2331
-2006
-1829
-2283
-2074
-2348
-1806
-2422
-2129
-1976
-2379
-2219
-2229
-2057
-2017
-2391
-1953
-2324
-2045
-1856
-1859
-2061
-1828
-1848
-2216
-2334
-1966
-1870
-1979
-1966
-1891
-2389
-2317
-2399
-2277
-2294
-1996
-2117
-2425
-2248
-2113
-2280
-2329
-2167
-2127
-1912
-2406
-2341
-2352
-2476
-2397
-2282
-2347
-2077
-2026
-2085
-2474
-1993
-2071
-2221
-1917
-2129
-2011
-2185
-2411
-2171
-2016
-1922
-2091
-2102
-2209
-2261
-2337
-2073
-2423
-1963
-2312
-2404
-2240
-2088
-2012
-2129
-2234
-2302
-2441
-2388
-2006
-2295
-1920
-1924
-2487
-2288
-2265
-2021
-2311
-2139
-2148
-2238
-2470
-2226
-2028
-2488
-1978
-2331
-2000
-1913
-2311
-2536
-2379
-2368
-2335
-2007
-1946
-2298
-2430
-2012
-1970
-2229
-2374
-2014
-2225
-2435
-2014
-2259
-1998
-2481
-2360
-2456
-2532
-2462
-2337
-2419
-2470
-2311
-2088
-2104
-2317
-2339
-2198
-2410
-2366
-2436
-2298
-2055
-1987
-2102
-1949
-1948
-2156
-2491
-2470
-2082
-1967
-2146
-2206
-2162
-2576
-2552
-2206
-2404
-2313
-1989
-2458
-2478
-1999
-2118
-1996
-2156
-2371
-1970
-2016
-2036
-2308
-2142
-2384
-2025
-2145
-2495
-2373
-2262
-2348
-2349
-2613
-2196
-2438
-2359
-2338
-2589
-2530
-2145
-2490
-2292
-2403
-2081
-2173
-2207
-2117
-2561
-2247
-2289
-2436
-2473
-2528
-2327
-2305
-2391
-2375
-2115
-2605
-2253
-2516
-2549
-2379
-2094
-2640
-2057
-2228
-2117
-2513
-2130
-2402
-2293
-2495
-2137
-2036
-2382
-2538
-2641
-2335
-2165
-2505
-2160
-2290
-2222
-2619
-2626
-2340
-2238
-2671
-2154
-2574
-2088
-2673
-2529
-2180
-2171
-2220
-2541
-2233
-2684
-2578
-2236
-2226
-2412
-2192
-2197
-2229
-2105
-2083
-2653
-2124
-2104
-2320
-2343
-2130
-2109
-2067
-2449
-2666
-2364
-2135
-2554
-2696
-2672
-2632
-2075
-2357
-2115
-2523
-2305
-2398
-2130
-2371
-2123
-2367
-2624
-2330
-2706
-2092
-2703
-2488
-2303
-2379
-2517
-2253
-2589
-2120
-2459
-2124
-2363
-2718
-2390
-2566
-2603
-2287
-2720
-2570
-2123
-2117
-2284
-2414
-2437
-2513
-2382
-2411
-2637
-2164
-2735
-2395
-2216
-2312
-2276
-2471
-2457
-2265
-2546
-2441
-2128
-2201
-2307
-2174
-2635
-2438
-2596
-2401
-2507
-2144
-2203
-2192
-2223
-2441
-2248
-2384
-2729
-2765
-2290
-2654
-2216
-2150
-2439
-2461
-2700
-2278
-2656
-2357
-2491
-2568
-2336
-2789
-2611
-2260
-2322
-2594
-2637
-2654
-2669
-2170
-2574
-2466
-2630
-2655
-2578
-2240
-2464
-2184
-2667
-2226
-2418
-2571
-2809
-2523
-2379
-2490
-2349
-2279
-2303
-2289
-2190
-2712
-2323
-2567
-2692
-2375
-2501
-2378
-2433
-2195
-2544
-2735
-2775
-2331
-2482
-2242
-2816
-2326
-2238
-2414
-2296
-2311
-2521
-2443
-2390
-2552
-2742
-2556
-2566
-2381
-2443
-2489
-2363
-2215
-2255
-2288
-2307
-2796
-2627
-2406
-2623
-2228
-2352
-2383
-2266
-2265
-2576
-2354
-2793
-2404
-2747
-2323
-2396
-2792
-2661
-2635
-2361
-2399
-2445
-2737
-2807
-2639
-2472
-2508
-2640
-2886
-2730
-2562
-2588
-2536
-2684
-2288
-2806
-2865
-2436
-2896
-2841
-2880
-2623
-2762
-2276
-2570
-2680
-2307
-2481
-2860
-2814
-2810
-2719
-2593
-2772
-2480
-2703
-2912
-2677
-2518
-2787
-2660
-2752
-2847
-2578
-2916
-2379
-2867
-2436
-2363
-2723
-2855
-2629
-2300
-2365
-2332
-2629
-2752
-2584
-2352
-2339
-2939
-2327
-2698
-2376
-2678
-2845
-2945
-2387
-2334
-2801
-2820
-2341
-2716
-2795
-2486
-2802
-2669
-2611
-2381
-2450
-2538
-2679
-2480
-2901
-2515
-2964
-2816
-2880
-2440
-2772
-2381
-2689
-2514
-2403
-2726
-2438
-2931
-2869
-2793
-2952
-2669
-2940
-2498
-2594
-2886
-2564
-2455
-2382
-2350
-2627
-2535
-2729
-2518
-2636
-2707
-2410
-2582
-2785
-2780
-2502
-2866
-2908
-2601
-2776
-2703
-2868
-2675
-2966
-2997
-2512
-2982
-2870
-2876
-3009
-2751
-2574
-2500
-2777
-2630
-2797
-3012
-2791
-2562
-2823
-2465
-2910
-3019
-2598
-2873
-2757
-2579
-2474
-2896
-3030
-2465
-2597
-2987
-2670
-2417
-2700
-2923
-2796
-2903
-2982
-2506
-2755
-2676
-2989
-2820
-2658
-2893
-2914
-2883
-2926
-2988
-2971
-3057
-2933
-2684
-2542
-2977
-2814
-2804
-2445
-2463
-2782
-2532
-2781
-2792
-2613
-2938
-2657
-2460
-2660
-2731
-2447
-2965
-3040
-2676
-2804
-2594
-2671
-2923
-2647
-2518
-2968
-2885
-2462
-2601
-2929
-2832
-2796
-3007
-2766
-3071
-2691
-3056
-2573
-2843
-2594
-2799
-3099
-2502
-3080
-2646
-2741
-2895
-2474
-2751
-2718
-3013
-2513
-2814
-2542
-2889
-2568
-2721
-2630
-3115
-2609
-2755
-2918
-2584
-3091
-2569
-2757
-2842
-2912
-2817
-2671
-2504
-2650
-3126
-2900
-2853
-2917
-3136
-2954
-3113
-3063
-2549
-2822
-2924
-2722
-2701
-2935
-2796
-2795
-2706
-2916
-2510
-3057
-2710
-2744
-3111
-2889
-2555
-2538
-3133
-2921
-3145
-2925
-3086
-2623
-2678
-2682
-2667
-3000
-2884
-2967
-2813
-3089
-2561
-2696
-2873
-2646
-3001
-2605
-2586
-3005
-2688
-2659
-3140
-2606
-2751
-2829
-3148
-2617
-2985
-2693
-2609
-2811
-2555
-3133
-3105
-3032
-2871
-2876
-2992
-2650
-2896
-2805
-2771
-3003
-3168
-2889
-3098
-3010
-3034
-2788
-3142
-2704
-3019
-3214
-2757
-2879
-2578
-3160
-2720
-3059
-2920
-2908
-2585
-2673
-2768
-2723
-2866
-3168
-3204
-3070
-2671
-2810
-2994
-2727
-3127
-2793
-2644
-2783
-2810
-2880
-3072
-2826
-2683
-3084
-3053
-3135
-2607
-3034
-2820
-2659
-3199
-2975
-2828
-2772
-2662
-2965
-3061
-3251
-2957
-2898
-2644
-2789
-3256
-3144
-3174
-2912
-2943
-2834
-3131
-2960
-3076
-2877
-3187
-2963
-2738
-3142
-2959
-3117
-2721
-3236
-2873
-2775
-2694
-2722
-2650
-2895
-2704
-3026
-3105
-2971
-3167
-2792
-2919
-2848
-3148
-2757
-3267
-3155
-2958
-2979
-3149
-3065
-3247
-2687
-2825
-3018
-2715
-2825
-3279
-3192
-3037
-3143
-2767
-3209
-3178
-2760
-3174
-3156
-2812
-2834
-2902
-2684
-2960
-3153
-2981
-2722
-3104
-3243
-3051
-3032
-2989
-2959
-3017
-2721
-2943
-3054
-2972
-2800
-3030
-3150
-2763
-2914
-2860
-3150
-3144
-3218
-2889
-3297
-3075
-2873
-2862
-3344
-3288
-3239
-3038
-2884
-2902
-3238
-3358
-3213
-3233
-3042
-3200
-3242
-3273
-2978
-3187
-2803
-3189
-2856
-3314
-3067
-3026
-3041
-2902
-3159
-2788
-3059
-3355
-2798
-3054
-3215
-3071
-3265
-3025
-3272
-3302
-3055
-2772
-3105
-2997
-2844
-2829
-3118
-3069
-3238
-2922
-3167
-3046
-2809
-3046
-3365
-3164
-3310
-3306
-3234
-3158
-3395
-2827
-2896
-3232
-2820
-3232
-2776
-3362
-3409
-3365
-3335
-3121
-3249
-3125
-3280
-3386
-3254
-3308
-2950
-3009
-3034
-3212
-3080
-2906
-3102
-2863
-3180
-3198
-3301
-3019
-3296
-3081
-2934
-2894
-2971
-3020
-3023
-2954
-2854
-3358
-3331
-3368
-3248
-3376
-3425
-3295
-2916
-3084
-3132
-2909
-3316
-3336
-2862
-3293
-3342
-3012
-3079
-2967
-3316
-2939
-3241
-2835
-3049
-2924
-3434
-3191
-3110
-2972
-3413
-3279
-3397
-2979
-3082
-3232
-2965
-3257
-3479
-3001
-3310
-3220
-3262
-3273
-3068
-3294
-2977
-3068
-3241
-3415
-2993
-2890
-3303
-3313
-3011
-2984
-3281
-3106
-3421
-3002
-2879
-3463
-3141
-3051
-3171
-2961
-2907
-3014
-3087
-3143
-2972
-3107
-3073
-3349
-3259
-3444
-3397
-3110
-3356
-3415
-3394
-3094
-3177
-2888
-2950
-3255
-3087
-3297
-3043
-2964
-3215
-3417
-2923
-3117
-3112
-3053
-3335
-3061
-3189
-3322
-3417
-2990
-3468
-3119
-2910
-3207
-3356
-3031
-3377
-2953
-3221
-3428
-3388
-3332
-3413
-3355
-3320
-3176
-3466
-3461
-3503
-3178
-2929
-3297
-2948
-3204
-2965
-3470
-3336
-3071
-3352
-3455
-3523
-3125
-3565
-3365
-3582
-3318
-3246
-3346
-3085
-3324
-3181
-3351
-3390
-3249
-3573
-3566
-3070
-3294
-3169
-3296
-3248
-3482
-3058
-3543
-3338
-3562
-3394
-3527
-3282
-3106
-3417
-3147
-3405
-3181
-2997
-3337
-3153
-3159
-3370
-3145
-3618
-3387
-3049
-3327
-3342
-3308
-3491
-3354
-3028
-3122
-3388
-3109
-3209
-3605
-3432
-3045
-3312
-3360
-3058
-3434
-3420
-3278
-3018
-3617
-3431
-3339
-3220
-3137
-3309
-3620
-3071
-3424
-3430
-3391
-3526
-3598
-3641
-3308
-3455
-3653
-3645
-3196
-3035
-3046
-3338
-3549
-3029
-3566
-3208
-3478
-3464
-3248
-3390
-3118
-3274
-3313
-3223
-3497
-3068
-3231
-3422
-3204
-3122
-3099
-3351
-3409
-3441
-3248
-3566
-3512
-3347
-3503
-3436
-3256
-3169
-3573
-3429
-3675
-3195
-3500
-3252
-3149
-3630
-3391
-3241
-3330
-3579
-3301
-3110
-3202
-3333
-3511
-3671
-3248
-3121
-3330
-3603
-3153
-3315
-3364
-3078
-3416
-3352
-3362
-3569
-3325
-3083
-3540
-3238
-3672
-3711
-3104
-3578
-3093
-3145
-3586
-3609
-3415
-3344
-3411
-3143
-3352
-3343
-3714
-3524
-3103
-3450
-3217
-3113
-3711
-3432
-3597
-3698
-3136
-3455
-3749
-3752
-3182
-3199
-3648
-3127
-3158
-3717
-3184
-3237
-3603
-3559
-3204
-3193
-3261
-3290
-3174
-3452
-3717
-3335
-3369
-3393
-3752
-3464
-3307
-3600
-3602
-3182
-3491
-3376
-3289
-3765
-3710
-3227
-3204
-3441
-3409
-3664
-3472
-3661
-3657
-3159
-3762
-3329
-3717
-3265
-3337
-3455
-3394
-3360
-3403
-3589
-3283
-3473
-3775
-3257
-3786
-3435
-3426
-3177
-3595
-3208
-3345
-3252
-3598
-3239
-3687
-3265
-3258
-3708
-3606
-3492
-3651
-3727
-3188
-3511
-3274
-3285
-3404
-3770
-3216
-3493
-3589
-3475
-3476
-3665
-3278
-3618
-3281
-3286
-3437
-3815
-3842
-3430
-3289
-3683
-3422
-3721
-3733
-3336
-3594
-3516
-3214
-3678
-3236
-3287
-3331
-3364
-3701
-3556
-3359
-3723
-3277
-3716
-3636
-3856
-3344
-3713
-3720
-3417
-3760
-3360
-3825
-3244
-3799
-3254
-3762
-3546
-3613
-3697
-3658
-3787
-3649
-3729
-3311
-3412
-3488
-3423
-3320
-3856
-3305
-3798
-3713
-3298
-3408
-3523
-3550
-3888
-3669
-3877
-3329
-3437
-3718
-3467
-3770
-3477
-3671
-3622
-3288
-3815
-3340
-3316
-3731
-3387
-3357
-3844
-3509
-3402
-3835
-3833
-3531
-3514
-3775
-3403
-3517
-3443
-3608
-3636
-3575
-3863
-3576
-3883
-3476
-3427
-3369
-3537
-3871
-3493
-3484
-3908
-3378
-3588
-3685
-3460
-3312
-3619
-3565
-3519
-3864
-3499
-3921
-3537
-3601
-3552
-3943
-3836
-3761
-3790
-3387
-3633
-3558
-3869
-3827
-3846
-3650
-3810
-3847
-3765
-3695
-3652
-3799
-3744
-3519
-3527
-3337
-3781
-3961
-3978
-3980
-3768
-3862
-3934
-3637
-3647
-3385
-3845
-3553
-3621
-3417
-3471
-3394
-3629
-3484
-3793
-3465
-3420
-3987
-3361
-3985
-3650
-3690
-3444
-3776
-3924
-3444
-3608
-3723
-3441
-3981
-3782
-3688
-3958
-3705
-3738
-3453
-3518
-3531
-3497
-3767
-3667
-3808
-3410
-3387
-3655
-3726
-3762
-3917
-3530
-3637
-3638
-3519
-3673
-3463
-3906
-4015
-3631
-3451
-3452
-3796
-3949
-3781
-3520
-4044
-3906
-3966
-3903
-3904
-3532
-3491
-3950
-3644
-3439
-3836
-3931
-3794
-3660
-3563
-3463
-3896
-3890
-3472
-3497
-3572
-3865
-3570
-3548
-3807
-4009
-4052
-3825
-3874
-3775
-3626
-3555
-3610
-3461
-4077
-3829
-4048
-3908
-3708
-3726
-3949
-4060
-3747
-3759
-3847
-3559
-3488
-3657
-3825
-3717
-3999
-4091
-3667
-3711
-3678
-3854
-3670
-3734
-4100
-3708
-3795
-3751
-3729
-3769
-3651
-3851
-3506
-3623
-3672
-3989
-3926
-4043
-3592
-3504
-3976
-3896
-3553
-3574
-3645
-3826
-3514
-3600
-4101
-4045
-3560
-3728
-3907
-3940
-4069
-3949
-4079
-3899
-3922
-3664
-3956
-4097
-3824
-4072
-3629
-3830
-3934
-3638
-3869
-4125
-3752
-3589
-4122
-3515
-3948
-3805
-3978
-4099
-3709
-3867
-3641
-3773
-3853
-4142
-3904
-3654
-3838
-3780
-3760
-3912
-4074
-3783
-3951
-3866
-3649
-3925
-3710
-3640
-4126
-3669
-4086
-3896
-3815
-4180
-4081
-3626
-4175
-3878
-4114
-3874
-3631
-4143
-3840
-4047
-3880
-3665
-3941
-4192
-3586
-3732
-3978
-3942
-3835
-3829
-3942
-3700
-3591
-3917
-3805
-4040
-4052
-3641
-3680
-4137
-4201
-4064
-4203
-3944
-3974
-3840
-3978
-3888
-3829
-4140
-4145
-3982
-3930
-4055
-3896
-3966
-3614
-3722
-4137
-3611
-3919
-3765
-4208
-3732
-3636
-3622
-3612
-3949
-3726
-3729
-3605
-3808
-3680
-3997
-3670
-3953
-3933
-4151
-3641
-3751
-4204
-3861
-3654
-3872
-3793
-4170
-3619
-3983
-4248
-4251
-3900
-3933
-3721
-3719
-3764
-4106
-3777
-4012
-3872
-4211
-4043
-4231
-4126
-4157
-3839
-4095
-4120
-3707
-4163
-3962
-3942
-3812
-3862
-4267
-4076
-4254
-3730
-3826
-4272
-4200
-3786
-4035
-3947
-4185
-3862
-3798
-4218
-4178
-3824
-4006
-4212
-3889
-3728
-3910
-3778
-4008
-3974
-4190
-3983
-3813
-4118
-4256
-3695
-3796
-4253
-3807
-3806
-4045
-4258
-4026
-3681
-4097
-4155
-3952
-3940
-4267
-4208
-4117
-4087
-4249
-4298
-3894
-4141
-4064
-4034
-4231
-3937
-4088
-4186
-3967
-4197
-4248
-4242
-4272
-4249
-3899
-4264
-3815
-4287
-3713
-4166
-3879
-4154
-4288
-3895
-4078
-4070
-4016
-3954
-4244
-4014
-4137
-4164
-3994
-4106
-3918
-4111
-4120
-3882
-3770
-4143
-4309
-4022
-4213
-4070
-4021
-3990
-4231
-4028
-3817
-3772
-4225
-4028
-4301
-3890
-4158
-4172
-4360
-4061
-4277
-3946
-4221
-3762
-3769
-4085
-4369
-4309
-4095
-4349
-4124
-4125
-3903
-4363
-3840
-4186
-3828
-4184
-4387
-3787
-4162
-4056
-3856
-4271
-4097
-4256
-3979
-4199
-4155
-4227
-4271
-4245
-4284
-3833
-4240
-3923
-3917
-3997
-4369
-3790
-4212
-4347
-3828
-3988
-3974
-4259
-3943
-4108
-4026
-4011
-4318
-4245
-4023
-4398
-4126
-3968
-3813
-4212
-4021
-4437
-4062
-3896
-3869
-4214
-4443
-4095
-4012
-4369
-3834
-4162
-4453
-4358
-4291
-3935
-4311
-4025
-3871
-3896
-3830
-4434
-3877
-3876
-4283
-4389
-3963
-3948
-4312
-4207
-4370
-4437
-4116
-4475
-4170
-4248
-4288
-4450
-4020
-3879
-3931
-4388
-4431
-3869
-3995
-4107
-3909
-3956
-3874
-4110
-4270
-3878
-4394
-4263
-4190
-3873
-4109
-4473
-4123
-4192
-3888
-4321
-4087
-4349
-4437
-4351
-4066
-4501
-4228
-3989
-4097
-3991
-4478
-4450
-3896
-3891
-3989
-3999
-4106
-3957
-4016
-4078
-4478
-4019
-4151
-4172
-4117
-4218
-4355
-4165
-4133
-4361
-4377
-4303
-4252
-4134
-4526
-4529
-4515
-4496
-3992
-4494
-4273
-4243
-4227
-3918
-4021
-4127
-3989
-4502
-4010
-4070
-4197
-4336
-4282
-4189
-4539
-4564
-4211
-4549
-3939
-4530
-4396
-4552
-4257
-4103
-4103
-4428
-4493
-4363
-4207
-4057
-4336
-4217
-4248
-4417
-4201
-4132
-4027
-4046
-4581
-4286
-4161
-4426
-4338
-4590
-4288
-4411
-4092
-4250
-4312
-3960
-4134
-4080
-3996
-4379
-4326
-4604
-4284
-4323
-4294
-4248
-4316
-4584
-4302
-4052
-4430
-4387
-4022
-4524
-4117
-4303
-4590
-4198
-4502
-3999
-4543
-4054
-4408
-4628
-4578
-4322
-4440
-4373
-4165
-4210
-4207
-4003
-4207
-4427
-4146
-4239
-4599
-4289
-4557
-4358
-4523
-4259
-4166
-4390
-4281
-4135
-4488
-4498
-4593
-4564
-4327
-4372
-4234
-4069
-4496
-4381
-4464
-4491
-4107
-4176
-4066
-4056
-4090
-4509
-4469
-4149
-4206
-4489
-4075
-4239
-4052
-4186
-4314
-4147
-4538
-4130
-4251
-4095
-4453
-4418
-4125
-4330
-4090
-4223
-4601
-4586
-4109
-4093
-4380
-4173
-4664
-4083
-4415
-4699
-4308
-4343
-4599
-4693
-4203
-4671
-4272
-4132
-4685
-4327
-4144
-4207
-4695
-4657
-4558
-4595
-4118
-4236
-4225
-4347
-4244
-4536
-4190
-4373
-4135
-4210
-4095
-4675
-4364
-4247
-4445
-4268
-4645
-4272
-4552
-4632
-4434
-4532
-4417
-4243
-4556
-4391
-4726
-4148
-4320
-4183
-4666
-4340
-4682
-4555
-4481
-4219
-4236
-4589
-4171
-4533
-4291
-4342
-4292
-4306
-4699
-4458
-4403
-4673
-4335
-4730
-4601
-4275
-4211
-4235
-4717
-4661
-4435
-4330
-4599
-4708
-4250
-4323
-4679
-4417
-4668
-4713
-4430
-4186
-4540
-4467
-4780
-4474
-4651
-4270
-4690
-4431
-4313
-4292
-4414
-4472
-4156
-4165
-4453
-4224
-4348
-4158
-4328
-4418
-4645
-4545
-4174
-4548
-4497
-4354
-4329
-4811
-4464
-4392
-4810
-4767
-4593
-4621
-4585
-4444
-4239
-4200
-4426
-4698
-4243
-4753
-4224
-4589
-4806
-4512
-4434
-4701
-4482
-4632
-4726
-4623
-4256
-4359
-4200
-4729
-4794
-4466
-4534
-4481
-4524
-4666
-4505
-4273
-4286
-4798
-4528
-4616
-4277
-4282
-4295
-4334
-4702
-4222
-4268
-4530
-4656
-4624
-4277
-4373
-4730
-4441
-4735
-4290
-4837
-4546
-4411
-4416
-4699
-4500
-4476
-4446
-4437
-4538
-4429
-4648
-4590
-4438
-4520
-4814
-4733
-4379
-4472
-4315
-4281
-4413
-4514
-4551
-4835
-4378
-4600
-4638
-4497
-4306
-4685
-4437
-4582
-4726
-4665
-4377
-4730
-4768
-4357
-4357
-4908
-4588
-4655
-4630
-4802
-4396
-4574
-4349
-4588
-4571
-4617
-4822
-4582
-4630
-4712
-4667
-4733
-4716
-4723
-4644
-4865
-4641
-4349
-4303
-4729
-4656
-4327
-4635
-4714
-4414
-4478
-4377
-4719
-4592
-4835
-4436
-4471
-4581
-4508
-4476
-4441
-4774
-4791
-4805
-4737
-4516
-4908
-4810
-4507
-4428
-4930
-4644
-4760
-4924
-4591
-4838
-4713
-4830
-4951
-4671
-4805
-4807
-4334
-4455
-4565
-4575
-4381
-4814
-4342
-4571
-4837
-4583
-4864
-4606
-4800
-4426
-4905
-4651
-4508
-4659
-4969
-4499
-4469
-4766
-4864
-4783
-4634
-4692
-4622
-4469
-4793
-4364
-4428
-4786
-4514
-4627
-4408
-4693
-4717
-4522
-4492
-4401
-4553
-4773
-4851
-4851
-4787
-4790
-4882
-4659
-4925
-4990
-4589
-4782
-4611
-4511
-4903
-5022
-4503
-4800
-5015
-4759
-4673
-4536
-4728
-5032
-5012
-4930
-5005
-4976
-4763
-4792
-4437
-4657
-4751
-4874
-4601
-4699
-4846
-5003
-4503
-4867
-4556
-4869
-4518
-4911
-4466
-4963
-4873
-4986
-4923
-4953
-4456
-4455
-4583
-4610
-4918
-4879
-5026
-4452
-4761
-4709
-4456
-4652
-4717
-4569
-4828
-4478
-4678
-4582
-4495
-4679
-4736
-4865
-4526
-4500
-4832
-4749
-4714
-4711
-4655
-4700
-4725
-4912
-4557
-4748
-4912
-4702
-4518
-4840
-4797
-4748
-4855
-4904
-4757
-4534
-4553
-5039
-5057
-5022
-4649
-4548
-4630
-4929
-4903
-4518
-4535
-4538
-4940
-4919
-4776
-4586
-4483
-4482
-4500
-4988
-4894
-5057
-5027
-4836
-4507
-4526
-4915
-4916
-4704
-4877
-4747
-4828
-4600
-4956
-4965
-4741
-4563
-4628
-4781
-4628
-4835
-4987
-4710
-4831
-4747
-5012
-5141
-4923
-4610
-4585
-4535
-4756
-4661
-5069
-4822
-4522
-4578
-4786
-4886
-4623
-5110
-4558
-5125
-4625
-4692
-5080
-4610
-5026
-5159
-4785
-4632
-4944
-4597
-4819
-4889
-4579
-4920
-4611
-4654
-4984
-5075
-5143
-4733
-5059
-4864
-4932
-5037
-4549
-4774
-4581
-5115
-4971
-4775
-4928
-4927
-4797
-4999
-4868
-4886
-4688
-5129
-4874
-4566
-4919
-4720
-5038
-4755
-4896
-5126
-5031
-4694
-4611
-4676
-5011
-4704
-5003
-5186
-4987
-4911
-4727
-5177
-4937
-5105
-5168
-4983
-5106
-5083
-5100
-5229
-4593
-4983
-5204
-4880
-4682
-4941
-4997
-4718
-5056
-4616
-4667
-5065
-4954
-4635
-4915
-5113
-5158
-5080
-4975
-4761
-4664
-4799
-4647
-5007
-5008
-4937
-4785
-4758
-4890
-4889
-4889
-4877
-4673
-4858
-4975
-5185
-4814
-4635
-4990
-4896
-5171
-5250
-5140
-5087
-5171
-5081
-4721
-4914
-5118
-4827
-4944
-4869
-5124
-4757
-4719
-5026
-4655
-5098
-4992
-4839
-4772
-4920
-5189
-5080
-4873
-4943
-5193
-5198
-5086
-5217
-4996
-5099
-5248
-4822
-5286
-4907
-5039
-4999
-4989
-4818
-5068
-5111
-4831
-4784
-5232
-4925
-4983
-5310
-5024
-5172
-4990
-4794
-5051
-5012
-5088
-5243
-4838
-4769
-4904
-5109
-5243
-5170
-4888
-5105
-5331
-4819
-5175
-4968
-4902
-5328
-4797
-4845
-5234
-4838
-4773
-5089
-5089
-4912
-4911
-4793
-4791
-5208
-5292
-5150
-4828
-4822
-4794
-5327
-4852
-5230
-4813
-5172
-5011
-5029
-5018
-4883
-5030
-5184
-5203
-5101
-5188
-4887
-5120
-5056
-4839
-4837
-5163
-5258
-5202
-5232
-4909
-5055
-5086
-5151
-4937
-5209
-4940
-5166
-4771
-5073
-5151
-5021
-5224
-5229
-5194
-4758
-4792
-5084
-5217
-5155
-5338
-5213
-4839
-4950
-5374
-5363
-5133
-4980
-5362
-5130
-5057
-5163
-5110
-5336
-4924
-4838
-4862
-5089
-5411
-4862
-4886
-4992
-5411
-5033
-4877
-5087
-5316
-5249
-5107
-4960
-5045
-5391
-5140
-5046
-5402
-5056
-5291
-5284
-5304
-5225
-5213
-5033
-5226
-5283
-5120
-4979
-4906
-5299
-5280
-5182
-4978
-4886
-4946
-5376
-5335
-5175
-5087
-5391
-5270
-5009
-5007
-5162
-5382
-4944
-4831
-4898
-4965
-5461
-5469
-4923
-5251
-5146
-5298
-5388
-4909
-5037
-5431
-4885
-5280
-5277
-5410
-5084
-5042
-5250
-5310
-5451
-5208
-5143
-4864
-5208
-5345
-5477
-4920
-5193
-4949
-5425
-5206
-5124
-5049
-5447
-5371
-5102
-5466
-4937
-4999
-5281
-5342
-5344
-5001
-4985
-5091
-5206
-5256
-5168
-5344
-5514
-5236
-5274
-4927
-5133
-5103
-5311
-5384
-5102
-5038
-5328
-5253
-5089
-5052
-4938
-5061
-5467
-5480
-4948
-5409
-5242
-5353
-5512
-5241
-5192
-5354
-5311
-5089
-5087
-5070
-5328
-5387
-5140
-4937
-5270
-4977
-5288
-5192
-5289
-4941
-5110
-5016
-5317
-5164
-5294
-5101
-5543
-5308
-5280
-5382
-5166
-5071
-5368
-5063
-5174
-5488
-5047
-5052
-5112
-5449
-5227
-4999
-5176
-5024
-5425
-4986
-5378
-5541
-5520
-5197
-5163
-5559
-5440
-5552
-5491
-5475
-5574
-5129
-5153
-5116
-5038
-5223
-5151
-5179
-5063
-5148
-5565
-5441
-5006
-5380
-5207
-5433
-4995
-5129
-5559
-5528
-5078
-5134
-5440
-5164
-5307
-5097
-5273
-5110
-4986
-5473
-5121
-5145
-5119
-5508
-5572
-5276
-5140
-5367
-5349
-5300
-5558
-5002
-5114
-5008
-5368
-5304
-5610
-5458
-5606
-5372
-5009
-5388
-5497
-5489
-5171
-5631
-5359
-5390
-5446
-5118
-5173
-5379
-5160
-5314
-5097
-5288
-5298
-5549
-5590
-5235
-5150
-5520
-5375
-5162
-5136
-5617
-5098
-5059
-5303
-5562
-5150
-5181
-5278
-5352
-5622
-5261
-5135
-5226
-5146
-5383
-5488
-5626
-5187
-5302
-5536
-5209
-5462
-5545
-5595
-5561
-5684
-5514
-5465
-5339
-5225
-5508
-5256
-5270
-5572
-5208
-5520
-5113
-5443
-5175
-5347
-5523
-5670
-5209
-5272
-5228
-5449
-5663
-5150
-5219
-5226
-5615
-5150
-5151
-5246
-5531
-5444
-5671
-5659
-5278
-5508
-5496
-5598
-5271
-5625
-5722
-5442
-5662
-5631
-5649
-5490
-5371
-5321
-5685
-5654
-5264
-5346
-5644
-5517
-5184
-5308
-5565
-5656
-5150
-5110
-5471
-5259
-5186
-5521
-5318
-5502
-5280
-5331
-5676
-5187
-5389
-5623
-5335
-5426
-5475
-5639
-5640
-5751
-5159
-5423
-5401
-5304
-5614
-5159
-5334
-5509
-5579
-5398
-5185
-5610
-5352
-5516
-5645
-5374
-5719
-5563
-5581
-5301
-5244
-5475
-5488
-5617
-5349
-5605
-5592
-5657
-5605
-5349
-5268
-5721
-5388
-5368
-5453
-5167
-5680
-5196
-5358
-5266
-5509
-5440
-5586
-5489
-5782
-5345
-5317
-5403
-5222
-5536
-5187
-5608
-5434
-5667
-5779
-5591
-5787
-5382
-5782
-5773
-5676
-5215
-5663
-5453
-5321
-5302
-5559
-5679
-5254
-5627
-5506
-5306
-5429
-5359
-5399
-5434
-5373
-5552
-5795
-5479
-5282
-5832
-5604
-5456
-5244
-5327
-5332
-5568
-5706
-5356
-5656
-5294
-5660
-5332
-5858
-5649
-5398
-5682
-5353
-5595
-5825
-5421
-5537
-5249
-5307
-5730
-5576
-5686
-5398
-5333
-5293
-5485
-5837
-5781
-5573
-5410
-5547
-5583
-5629
-5647
-5604
-5690
-5262
-5708
-5648
-5300
-5786
-5527
-5543
-5845
-5439
-5790
-5612
-5356
-5311
-5743
-5860
-5733
-5285
-5321
-5430
-5648
-5624
-5397
-5286
-5620
-5806
-5651
-5377
-5766
-5401
-5759
-5721
-5490
-5775
-5783
-5886
-5764
-5842
-5908
-5640
-5905
-5672
-5391
-5384
-5573
-5327
-5640
-5929
-5741
-5547
-5425
-5860
-5887
-5586
-5750
-5663
-5602
-5639
-5828
-5564
-5602
-5931
-5636
-5418
-5956
-5692
-5727
-5364
-5818
-5856
-5857
-5638
-5560
-5578
-5332
-5524
-5912
-5673
-5721
-5661
-5883
-5825
-5733
-5754
-5580
-5703
-5889
-5608
-5751
-5928
-5552
-5806
-5654
-5952
-5857
-5694
-5788
-5628
-5557
-5582
-5802
-5940
-5507
-5988
-5854
-5777
-5399
-5892
-5473
-5390
-5430
-5501
-5642
-5752
-5774
-5478
-5449
-5808
-5416
-5878
-5416
-5730
-5571
-5681
-5432
-5877
-5696
-5953
-5926
-5634
-5621
-5943
-5497
-5817
-5555
-5606
-5492
-5642
-5744
-6009
-5796
-5939
-5587
-5470
-5849
-5895
-5915
-5434
-5482
-5593
-5614
-5501
-5542
-5923
-6039
-5779
-5618
-5834
-5441
-5741
-5990
-5558
-5937
-5854
-5559
-5740
-5608
-5628
-5493
-5452
-5937
-5574
-5455
-5526
-5935
-5929
-5950
-5709
-5729
-5835
-5837
-5566
-5506
-5840
-5875
-5606
-5836
-5619
-5699
-5590
-6064
-5473
-5620
-6053
-5443
-5674
-5591
-5805
-5749
-5497
-5870
-5816
-5803
-5459
-6000
-5672
-5513
-5620
-6039
-5818
-5555
-5751
-5627
-5938
-6009
-6066
-5494
-6036
-6027
-6044
-5493
-5724
-5498
-5599
-6101
-5671
-5881
-6032
-5905
-5523
-5934
-5487
-5681
-5852
-5751
-5702
-5898
-5501
-5546
-5829
-5907
-5724
-5657
-5820
-5741
-5682
-5642
-5503
-5639
-5517
-5527
-5566
-6065
-5544
-5985
-6145
-5871
-5819
-6139
-6075
-6020
-5850
-5623
-5681
-6107
-5694
-6077
-5897
-5578
-5594
-6154
-5717
-5614
-6154
-5775
-5834
-5700
-5865
-5590
-5899
-5938
-5561
-6056
-5798
-5668
-6066
-5535
-5919
-5661
-5644
-6179
-5762
-5712
-5794
-5755
-6167
-5641
-5939
-5721
-5819
-6041
-6011
-5557
-6064
-5731
-5910
-5759
-5933
-5919
-6048
-6135
-6136
-6142
-5630
-6077
-6139
-5860
-5714
-5816
-6081
-5978
-5947
-5598
-5624
-5793
-5992
-5632
-6033
-6071
-5848
-5675
-5889
-5883
-5909
-6012
-5684
-5592
-6011
-5976
-6049
-6099
-5679
-5956
-5804
-6038
-5775
-5892
-6095
-6171
-6231
-5745
-5758
-5820
-5947
-6222
-6219
-6244
-6125
-6246
-5869
-6096
-5920
-6196
-6060
-6206
-5806
-5845
-6138
-6083
-6068
-6137
-6105
-5969
-6185
-5932
-6217
-5876
-5923
-6064
-5781
-5655
-6131
-5732
-5763
-5659
-5662
-5751
-5724
-5991
-6004
-5895
-5722
-6091
-5968
-5884
-6164
-5924
-5909
-6179
-5718
-5690
-5884
-6092
-5747
-5980
-5765
-6143
-6242
-5689
-5919
-6208
-5674
-5865
-5763
-6294
-6124
-6269
-6173
-5736
-5784
-6179
-6204
-6261
-6053
-5719
-5816
-6041
-6057
-5755
-6090
-5792
-5949
-5957
-5965
-6311
-5684
-6197
-6295
-5868
-5882
-6043
-5892
-6309
-6090
-5777
-6116
-6150
-6245
-6251
-6298
-5768
-5951
-5722
-5770
-5892
-6215
-6186
-5824
-6047
-5838
-6095
-5769
-5987
-6353
-6264
-5896
-5988
-6053
-6192
-5804
-5974
-6237
-6254
-6343
-5723
-6138
-5740
-6033
-6358
-6161
-5830
-5789
-6064
-6048
-5932
-6324
-5735
-6163
-6081
-5920
-6068
-6130
-6060
-6173
-6240
-6177
-6201
-6106
-5997
-6228
-5963
-5846
-6064
-5833
-6121
-5818
-6340
-6261
-5965
-6045
-6216
-6109
-6147
-5924
-6019
-5862
-6196
-6069
-5860
-6075
-6260
-5830
-5879
-5928
-6263
-6291
-6002
-5832
-5927
-6301
-5911
-5941
-6374
-6340
-6364
-6231
-6391
-6281
-6228
-5931
-6157
-6236
-6253
-5821
-6285
-6429
-6350
-6286
-6212
-6300
-5823
-5907
-5995
-6115
-5959
-6087
-5876
-6127
-5947
-5828
-6396
-6113
-5887
-6116
-6223
-5899
-6219
-5856
-6177
-6441
-6290
-5977
-5940
-5920
-6141
-5930
-5934
-6107
-5974
-6193
-5935
-5934
-6188
-6272
-6110
-6189
-6160
-6305
-6223
-5898
-6157
-6243
-6237
-6369
-5860
-6086
-6315
-6080
-6062
-6249
-6229
-5981
-6326
-5994
-6371
-6446
-6060
-5969
-6477
-6327
-6392
-6395
-6417
-6435
-6055
-6478
-6158
-6283
-6183
-6034
-6091
-6226
-6486
-5909
-6392
-6229
-6350
-6273
-6399
-6497
-6266
-6386
-5939
-6059
-6097
-6012
-5902
-6407
-6478
-6334
-6189
-5935
-6036
-6413
-6135
-5996
-6114
-6353
-5937
-6095
-5984
-6539
-6058
-6050
-5984
-6474
-6148
-6543
-6240
-6551
-6170
-6255
-6020
-6144
-6149
-6060
-6542
-6503
-6342
-6219
-5993
-6054
-6041
-6051
-6513
-6451
-6381
-6428
-5942
-5963
-6240
-6289
-6339
-6282
-6450
-6493
-6201
-6010
-6227
-6078
-6413
-6432
-6087
-6512
-6420
-6303
-6532
-6406
-6327
-6141
-5969
-6343
-6377
-6125
-6435
-6099
-6137
-6424
-6276
-6097
-6052
-6585
-5998
-6353
-6090
-6040
-5974
-5977
-6201
-6197
-6338
-6383
-6128
-6097
-6453
-6523
-6093
-6371
-6384
-5996
-6550
-6216
-6621
-6239
-6398
-6342
-6496
-6275
-6589
-6333
-6341
-6611
-6614
-6040
-6514
-6362
-6502
-6092
-6490
-6118
-6544
-6353
-6455
-6334
-6225
-6633
-6276
-6256
-6378
-6375
-6596
-6395
-6517
-6028
-6332
-6496
-6402
-6194
-6052
-6278
-6068
-6115
-6630
-6069
-6198
-6101
-6556
-6243
-6223
-6647
-6608
-6160
-6450
-6038
-6598
-6222
-6251
-6410
-6402
-6408
-6076
-6261
-6119
-6230
-6284
-6354
-6139
-6412
-6464
-6276
-6414
-6523
-6595
-6607
-6104
-6207
-6287
-6219
-6285
-6282
-6610
-6089
-6555
-6389
-6170
-6594
-6469
-6696
-6315
-6358
-6183
-6520
-6667
-6359
-6553
-6173
-6544
-6470
-6508
-6290
-6685
-6370
-6634
-6668
-6134
-6190
-6546
-6445
-6650
-6289
-6686
-6500
-6444
-6308
-6714
-6724
-6708
-6374
-6389
-6199
-6323
-6247
-6230
-6279
-6395
-6258
-6407
-6695
-6146
-6435
-6199
-6649
-6316
-6174
-6692
-6731
-6637
-6650
-6654
-6662
-6619
-6179
-6470
-6730
-6520
-6523
-6313
-6480
-6309
-6371
-6356
-6607
-6188
-6753
-6596
-6551
-6252
-6414
-6613
-6369
-6207
-6657
-6163
-6783
-6188
-6410
-6786
-6553
-6602
-6459
-6635
-6379
-6490
-6697
-6505
-6260
-6334
-6442
-6479
-6352
-6382
-6772
-6730
-6742
-6389
-6210
-6667
-6302
-6490
-6192
-6449
-6209
-6232
-6175
-6521
-6707
-6464
-6231
-6656
-6716
-6242
-6238
-6778
-6795
-6648
-6549
-6772
-6389
-6678
-6708
-6764
-6584
-6772
-6740
-6204
-6662
-6699
-6607
-6745
-6632
-6362
-6616
-6383
-6374
-6708
-6714
-6642
-6701
-6695
-6254
-6753
-6809
-6442
-6405
-6254
-6689
-6314
-6655
-6647
-6820
-6317
-6743
-6367
-6593
-6368
-6848
-6491
-6722
-6820
-6447
-6263
-6464
-6421
-6740
-6385
-6299
-6729
-6720
-6240
-6307
-6341
-6403
-6656
-6675
-6849
-6556
-6489
-6828
-6402
-6775
-6792
-6339
-6496
-6461
-6718
-6833
-6451
-6439
-6493
-6630
-6691
-6641
-6395
-6711
-6531
-6857
-6738
-6821
-6887
-6861
-6406
-6836
-6513
-6457
-6716
-6844
-6737
-6497
-6509
-6581
-6659
-6295
-6860
-6345
-6734
-6673
-6684
-6575
-6655
-6715
-6838
-6834
-6739
-6771
-6306
-6825
-6394
-6524
-6766
-6802
-6442
-6525
-6780
-6556
-6463
-6724
-6564
-6901
-6422
-6703
-6360
-6515
-6379
-6866
-6807
-6562
-6325
-6743
-6457
-6852
-6436
-6823
-6722
-6888
-6826
-6339
-6774
-6919
-6871
-6393
-6516
-6730
-6415
-6680
-6794
-6846
-6694
-6477
-6670
-6747
-6811
-6421
-6941
-6511
-6780
-6742
-6942
-6536
-6935
-6670
-6975
-6876
-6883
-6938
-6438
-6754
-6826
-6476
-6820
-6418
-6389
-6960
-6539
-6473
-6758
-6871
-6642
-6523
-6379
-6757
-6817
-6507
-6462
-6389
-6934
-6619
-6683
-6435
-6936
-6460
-6715
-6787
-6712
-6804
-6751
-6661
-6633
-6617
-6413
-6734
-6514
-6623
-6720
-6774
-6555
-6940
-6634
-6946
-6798
-6593
-6625
-6613
-6902
-6661
-6539
-6995
-6505
-6412
-7048
-6846
-6567
-6638
-6652
-6565
-6575
-6763
-6666
-6436
-6422
-6968
-7048
-6999
-6445
-6965
-6873
-6889
-6447
-6877
-6904
-6434
-6995
-6538
-6947
-6533
-6828
-6486
-6606
-6525
-6622
-6460
-6958
-6913
-7014
-6950
-6834
-6779
-7049
-6469
-6507
-6948
-6456
-6754
-6989
-6626
-6769
-6588
-6760
-6677
-6769
-6547
-6693
-6760
-6889
-6750
-6794
-6517
-6780
-6962
-7070
-6854
-6744
-6920
-6966
-6801
-6893
-6521
-6861
-6887
-6848
-7105
-6617
-6552
-6626
-7069
-6648
-6946
-6695
-6893
-7023
-6648
-6735
-6976
-6783
-6674
-6787
-6922
-6567
-6550
-7029
-7063
-6578
-6523
-7029
-6998
-7070
-7091
-7076
-6921
-6909
-7127
-6886
-6569
-6561
-7133
-6581
-6994
-6773
-6950
-6731
-6825
-7027
-7068
-6892
-6580
-6879
-6605
-7021
-6826
-6884
-7098
-6630
-7094
-6945
-6856
-6585
-6874
-7163
-6843
-7135
-6774
-7015
-7126
-7080
-7164
-6613
-7173
-7000
-7057
-6685
-6778
-6990
-6671
-6926
-6802
-6555
-6914
-7130
-7068
-7113
-7022
-7123
-6883
-6779
-6646
-6613
-7160
-7115
-6999
-6743
-6947
-7108
-7018
-6711
-7032
-7208
-6860
-6729
-6778
-7094
-6974
-6656
-7082
-6904
-7083
-7152
-6767
-7082
-6966
-6715
-7068
-7087
-6837
-6755
-6842
-7157
-6759
-7158
-6703
-6646
-6709
-6708
-6662
-6846
-6892
-6917
-6740
-6772
-6779
-6792
-6916
-6891
-6797
-7193
-7221
-7086
-6697
-6737
-6929
-7239
-7241
-6629
-7223
-7142
-7162
-6783
-7199
-6931
-7155
-6894
-6802
-7191
-7240
-6845
-7028
-7089
-6874
-7079
-6855
-6831
-6806
-7065
-7161
-6784
-6706
-7176
-6822
-6930
-6795
-6967
-7159
-6681
-7227
-7277
-6741
-7132
-7053
-6925
-7121
-7185
-7116
-7289
-7002
-7126
-7190
-7156
-7301
-6952
-6725
-7011
-7295
-7058
-7044
-6878
-7243
-6744
-6753
-6706
-7043
-7066
-7244
-7190
-7072
-6958
-7158
-6757
-6858
-6952
-6919
-7169
-7090
-6954
-7260
-7243
-6800
-6885
-6847
-7077
-6963
-6768
-6822
-7256
-7033
-6712
-6731
-7176
-6896
-6927
-7297
-7060
-7089
-7155
-7156
-7334
-7136
-6813
-6784
-7326
-6952
-6869
-6776
-7009
-6813
-7244
-7129
-7104
-6868
-6953
-6847
-7257
-7169
-6881
-6838
-6752
-6899
-6881
-7253
-7261
-6929
-7173
-6796
-7143
-7131
-7359
-7196
-7103
-6877
-7174
-7122
-7254
-7388
-7021
-7183
-6775
-7079
-6841
-7134
-7195
-7273
-7328
-7310
-6917
-7349
-7004
-7241
-7218
-6781
-7034
-7187
-7207
-6996
-7311
-7064
-7158
-7325
-6825
-7121
-6996
-7409
-6916
-7117
-6970
-7175
-7032
-7325
-7378
-6784
-7060
-6872
-6958
-7357
-6876
-7360
-7165
-6868
-7090
-7063
-7317
-7238
-7062
-6857
-7154
-6914
-7409
-7221
-7271
-6843
-7190
-6885
-7254
-7114
-7156
-7048
-7401
-7067
-7438
-6855
-6885
-7059
-6822
-7332
-7240
-7274
-7449
-6984
-7301
-7306
-7229
-7468
-7074
-6875
-6843
-7299
-7077
-6994
-7411
-6913
-7417
-7468
-7290
-7090
-7149
-7032
-7106
-7222
-7347
-7430
-7294
-7136
-7489
-7335
-7338
-7323
-7483
-7372
-6874
-7131
-7055
-7118
-7162
-7450
-7455
-7428
-7338
-7059
-7093
-7271
-7103
-7195
-6907
-7441
-7398
-7105
-7208
-7467
-7347
-7416
-7269
-7035
-6897
-7116
-7157
-6995
-7452
-7441
-7210
-7493
-7338
-7038
-7221
-7261
-7076
-7301
-7496
-7174
-7426
-7393
-7386
-7125
-7278
-6931
-7019
-7144
-7046
-7217
-7423
-7399
-7255
-7011
-7357
-7094
-7099
-7428
-7455
-6981
-7467
-7201
-6915
-7348
-7358
-7095
-7531
-7563
-7386
-7540
-7248
-6966
-7220
-7414
-7536
-7108
-7545
-7244
-7087
-7058
-7320
-7558
-7495
-7295
-7256
-7190
-7194
-7434
-7227
-7470
-7285
-7190
-7298
-7509
-7496
-7078
-7026
-7501
-7558
-7377
-7414
-7346
-7280
-7455
-7364
-7263
-7363
-7338
-7196
-7546
-7599
-7175
-7450
-7490
-7588
-7202
-7575
-7390
-7479
-7043
-7257
-6995
-7125
-7498
-6985
-7101
-6980
-7436
-7221
-7194
-7049
-7169
-7530
-7220
-7271
-7536
-7074
-7108
-7238
-7287
-7503
-7187
-7444
-7225
-7346
-7638
-7484
-7436
-7489
-7544
-7602
-7235
-7480
-7386
-7502
-7018
-7515
-7296
-7623
-7162
-7547
-7342
-7178
-7499
-7403
-7560
-7024
-7113
-7356
-7186
-7091
-7505
-7340
-7373
-7442
-7171
-7457
-7277
-7146
-7391
-7484
-7352
-7421
-7409
-7539
-7395
-7463
-7510
-7256
-7517
-7539
-7169
-7679
-7453
-7324
-7571
-7324
-7082
-7530
-7276
-7237
-7432
-7108
-7329
-7518
-7107
-7608
-7464
-7164
-7428
-7578
-7121
-7470
-7336
-7580
-7077
-7069
-7680
-7420
-7219
-7514
-7568
-7206
-7122
-7489
-7203
-7304
-7153
-7417
-7218
-7491
-7480
-7103
-7133
-7509
-7297
-7563
-7363
-7218
-7289
-7682
-7272
-7574
-7270
-7324
-7684
-7250
-7471
-7308
-7497
-7511
-7325
-7570
-7724
-7474
-7203
-7660
-7321
-7486
-7376
-7241
-7399
-7153
-7150
-7449
-7546
-7193
-7153
-7223
-7642
-7439
-7321
-7445
-7764
-7473
-7745
-7379
-7232
-7771
-7669
-7668
-7254
-7195
-7727
-7579
-7362
-7234
-7406
-7610
-7464
-7147
-7689
-7154
-7215
-7491
-7573
-7384
-7619
-7208
-7240
-7162
-7478
-7557
-7787
-7238
-7569
-7662
-7618
-7602
-7800
-7316
-7741
-7585
-7421
-7668
-7203
-7385
-7754
-7676
-7369
-7306
-7267
-7590
-7548
-7741
-7729
-7557
-7753
-7786
-7388
-7438
-7285
-7237
-7434
-7287
-7772
-7670
-7346
-7810
-7274
-7382
-7277
-7728
-7382
-7403
-7221
-7235
-7317
-7690
-7664
-7413
-7342
-7833
-7807
-7638
-7783
-7335
-7631
-7262
-7495
-7624
-7494
-7387
-7832
-7481
-7523
-7451
-7543
-7584
-7826
-7475
-7227
-7232
-7227
-7767
-7703
-7344
-7496
-7425
-7343
-7820
-7371
-7461
-7282
-7685
-7336
-7812
-7708
-7733
-7692
-7454
-7687
-7292
-7368
-7687
-7293
-7351
-7563
-7358
-7465
-7300
-7575
-7606
-7578
-7689
-7320
-7607
-7284
-7385
-7757
-7422
-7710
-7520
-7379
-7407
-7454
-7576
-7874
-7520
-7315
-7898
-7631
-7908
-7398
-7464
-7518
-7481
-7762
-7915
-7314
-7392
-7733
-7529
-7311
-7568
-7417
-7854
-7402
-7787
-7533
-7924
-7414
-7921
-7398
-7670
-7650
-7468
-7474
-7643
-7346
-7653
-7578
-7460
-7855
-7685
-7627
-7741
-7328
-7388
-7603
-7788
-7734
-7378
-7414
-7595
-7584
-7322
-7442
-7843
-7330
-7917
-7527
-7837
-7563
-7853
-7694
-7645
-7950
-7608
-7812
-7613
-7871
-7806
-7719
-7525
-7862
-7520
-7467
-7679
-7600
-7412
-7495
-7426
-7848
-7587
-7971
-7734
-7626
-7659
-7442
-7416
-7463
-7680
-7617
-7924
-7715
-7375
-7682
-7937
-7688
-7759
-7864
-7655
-7447
-7561
-7643
-7804
-7738
-7549
-7607
-7682
-7956
-7692
-7789
-7390
-7532
-7566
-7615
-7797
-7588
-7640
-7394
-7443
-7683
-7845
-7810
-7403
-7417
-7963
-7723
-7598
-8035
-7621
-7957
-7587
-7853
-7409
-7688
-8026
-7880
-7743
-7561
-7729
-7511
-7656
-7691
-7624
-8005
-7770
-7980
-7908
-7724
-7905
-7637
-7822
-7878
-7751
-7795
-7715
-8012
-7900
-7881
-7917
-7878
-7618
-7550
-7540
-7450
-7520
-7816
-7493
-7779
-7603
-7713
-7848
-7854
-7544
-7604
-8072
-7805
-7575
-7505
-7633
-8064
-7726
-7715
-7886
-7777
-7649
-7455
-7712
-7993
-7940
-7663
-7747
-7799
-7578
-7866
-7962
-8005
-8001
-7792
-7991
-7563
-7916
-7580
-8004
-7831
-7771
-7978
-7669
-7660
-8025
-7910
-8077
-8101
-7608
-8000
-7933
-7666
-8042
-7844
-7631
-7827
-7765
-7732
-7608
-7795
-7785
-7740
-7612
-7974
-7889
-7987
-7966
-7726
-8120
-7592
-7700
-7662
-7937
-8143
-7547
-7779
-7571
-8046
-7722
-7789
-7791
-7897
-8123
-7703
-7848
-7706
-8065
-7869
-7857
-7552
-7658
-7665
-7605
-7619
-7658
-8101
-7604
-7779
-8058
-7591
-8045
-7986
-7817
-7642
-7855
-7733
-8094
-7574
-7605
-7903
-7634
-8115
-8129
-7646
-7675
-8185
-8153
-8188
-7882
-8018
-7866
-7915
-8169
-7648
-7687
-7956
-7919
-7589
-8059
-8166
-7884
-7921
-8012
-7703
-7694
-8087
-7778
-8115
-7850
-7925
-7996
-7861
-7719
-7818
-8201
-8057
-7742
-7790
-7828
-7696
-7713
-7792
-7708
-7693
-7938
-8153
-7682
-7755
-7991
-7837
-7851
-8143
-7689
-7836
-8044
-7815
-7610
-7708
-7912
-7815
-7814
-7658
-8233
-7722
-8132
-7997
-7877
-7624
-7620
-7808
-7970
-7775
-7945
-7965
-7764
-8106
-8207
-8242
-8193
-7673
-7776
-8053
-7834
-8199
-7942
-8206
-7962
-8008
-7945
-7910
-8117
-7675
-8069
-8258
-7842
-7994
-8173
-7758
-8041
-7807
-7801
-8188
-7979
-8280
-7683
-7678
-7990
-8038
-7980
-8285
-8046
-7856
-7795
-8002
-8062
-7946
-7800
-8017
-7705
-7834
-8076
-8151
-8261
-8081
-7668
-8246
-7997
-8290
-7893
-7740
-8194
-8186
-8039
-8101
-8306
-8073
-7763
-8174
-8069
-7682
-7889
-7852
-7810
-7793
-7772
-8310
-7874
-8117
-7806
-7737
-8252
-7799
-8266
-7778
-7927
-7884
-7943
-8329
-7845
-8189
-7950
-7979
-8164
-7720
-8220
-8171
-8018
-8262
-8030
-7944
-8049
-8149
-7909
-8168
-8121
-7994
-7739
-8295
-7749
-8363
-7792
-8157
-7921
-7966
-8176
-8111
-8079
-8212
-8249
-8278
-7842
-7827
-8022
-8160
-7769
-8075
-8318
-8207
-8142
-8248
-8165
-7831
-7880
-8274
-8185
-7775
-8231
-8146
-7884
-7828
-8054
-7940
-8055
-8247
-8204
-7905
-7762
-8158
-8100
-7822
-8153
-7806
-7868
-7890
-8366
-7803
-8387
-8354
-8295
-8389
-8397
-7968
-8238
-8335
-7803
-8271
-8028
-7948
-8028
-8005
-8111
-8236
-8104
-8159
-8008
-8361
-7924
-8256
-8371
-7947
-8154
-8401
-7800
-8224
-8423
-8414
-7834
-8390
-7874
-8218
-8169
-8138
-7932
-8304
-8291
-8216
-8088
-8103
-8240
-8050
-8064
-8354
-8251
-8010
-8347
-8300
-8435
-7979
-8338
-7862
-7986
-8005
-7935
-8261
-8156
-8002
-8109
-7913
-8165
-8086
-7970
-8090
-7953
-8461
-8090
-8070
-8350
-8002
-8152
-7999
-7876
-8218
-8443
-7844
-8463
-7906
-8287
-8045
-8112
-8165
-8128
-8459
-7894
-8403
-8455
-8109
-8369
-8303
-7945
-7975
-8431
-8238
-8239
-8262
-8176
-8400
-8497
-7930
-7983
-8037
-8430
-7886
-8146
-8350
-8222
-8423
-8295
-8202
-8137
-7918
-8179
-8370
-7935
-7989
-8011
-8211
-7888
-8333
-8264
-8430
-7924
-7914
-8206
-8169
-8445
-7993
-8147
-8456
-8479
-7902
-8530
-8234
-8542
-8475
-8494
-8205
-8372
-8222
-7926
-8383
-8186
-8171
-8204
-8179
-8080
-8270
-8007
-8187
-7922
-8041
-8294
-8058
-8202
-8511
-8029
-8159
-8250
-8482
-8005
-8010
-8318
-8533
-8435
-8126
-8392
-7986
-8157
-8149
-8063
-8547
-8266
-8101
-8567
-8120
-7961
-8262
-8269
-8535
-8168
-8343
-8045
-8447
-8021
-8509
-8346
-8283
-8504
-8513
-8512
-8157
-8469
-8091
-8305
-8545
-8324
-8130
-8327
-8522
-8140
-8482
-8143
-8602
-8329
-8189
-8111
-8040
-8243
-8447
-8604
-8214
-8257
-8144
-8568
-8038
-8404
-8277
-8548
-8012
-8152
-8541
-8067
-8395
-8355
-8312
-8529
-8472
-8037
-8628
-8458
-8440
-8544
-8541
-8031
-8228
-8202
-8037
-8311
-8648
-8279
-8419
-8506
-8598
-8065
-8238
-8274
-8098
-8354
-8065
-8400
-8286
-8301
-8091
-8089
-8132
-8526
-8031
-8155
-8253
-8312
-8664
-8345
-8519
-8246
-8256
-8075
-8206
-8370
-8509
-8057
-8459
-8567
-8665
-8628
-8131
-8662
-8120
-8491
-8197
-8511
-8346
-8479
-8544
-8554
-8591
-8693
-8179
-8615
-8681
-8065
-8415
-8119
-8214
-8654
-8293
-8085
-8210
-8229
-8410
-8088
-8370
-8704
-8657
-8292
-8340
-8275
-8154
-8312
-8245
-8280
-8608
-8386
-8391
-8298
-8233
-8373
-8412
-8651
-8402
-8549
-8187
-8223
-8439
-8414
-8220
-8209
-8392
-8164
-8327
-8337
-8645
-8507
-8408
-8129
-8699
-8575
-8546
-8560
-8451
-8205
-8285
-8630
-8207
-8713
-8572
-8403
-8394
-8155
-8291
-8681
-8194
-8665
-8143
-8647
-8664
-8578
-8489
-8172
-8586
-8151
-8572
-8707
-8560
-8645
-8545
-8371
-8739
-8286
-8535
-8702
-8233
-8303
-8414
-8261
-8158
-8257
-8425
-8381
-8263
-8631
-8586
-8271
-8391
-8687
-8428
-8306
-8580
-8800
-8437
-8605
-8306
-8431
-8165
-8776
-8620
-8337
-8716
-8562
-8263
-8754
-8410
-8523
-8797
-8506
-8394
-8776
-8529
-8448
-8429
-8687
-8740
-8422
-8486
-8818
-8742
-8746
-8194
-8222
-8317
-8303
-8317
-8463
-8534
-8672
-8435
-8240
-8397
-8496
-8265
-8292
-8577
-8213
-8502
-8353
-8331
-8399
-8792
-8362
-8768
-8512
-8313
-8368
-8325
-8672
-8485
-8824
-8392
-8800
-8714
-8459
-8501
-8534
-8776
-8558
-8297
-8347
-8441
-8306
-8411
-8824
-8535
-8874
-8588
-8871
-8603
-8733
-8582
-8248
-8439
-8854
-8651
-8292
-8626
-8296
-8767
-8352
-8852
-8447
-8626
-8452
-8552
-8450
-8424
-8816
-8541
-8266
-8659
-8748
-8422
-8547
-8636
-8695
-8416
-8665
-8286
-8601
-8791
-8349
-8619
-8441
-8349
-8621
-8822
-8885
-8812
-8363
-8411
-8713
-8494
-8460
-8659
-8499
-8321
-8621
-8372
-8506
-8292
-8707
-8417
-8902
-8683
-8753
-8748
-8507
-8857
-8790
-8383
-8591
-8423
-8554
-8817
-8937
-8386
-8806
-8632
-8531
-8355
-8669
-8714
-8694
-8570
-8825
-8318
-8501
-8594
-8930
-8744
-8894
-8318
-8403
-8548
-8855
-8361
-8875
-8584
-8541
-8777
-8530
-8356
-8381
-8679
-8656
-8936
-8825
-8846
-8752
-8584
-8867
-8640
-8812
-8714
-8746
-8615
-8795
-8758
-8517
-8648
-8563
-8686
-8408
-8930
-8846
-8988
-8356
-8570
-8973
-8571
-8562
-8635
-8608
-8632
-8434
-8876
-8407
-8681
-8542
-8790
-8494
-8400
-8741
-9004
-8781
-8461
-8774
-8647
-8665
-8878
-8721
-8482
-8626
-8688
-8859
-8711
-8639
-8989
-8480
-8755
-8970
-8503
-8624
-8599
-8427
-8894
-8423
-8790
-8446
-8924
-8524
-8638
-8806
-8662
-8895
-8846
-8784
-8934
-8513
-8671
-8533
-8452
-8845
-9039
-8764
-8545
-8447
-8743
-8455
-8564
-8656
-8868
-8607
-8850
-8625
-8884
-9036
-8710
-8850
-8887
-9003
-8654
-9069
-9069
-8852
-8993
-8906
-9014
-8580
-9028
-8968
-8476
-9076
-8825
-8690
-8948
-9051
-9026
-9054
-8649
-8632
-8906
-8651
-8460
-8730
-8915
-8875
-8819
-8833
-8762
-8618
-8459
-9062
-8952
-8913
-8814
-9010
-8735
-8905
-8999
-8544
-8914
-8779
-8517
-8990
-8519
-8826
-8861
-8700
-8870
-8833
-9025
-8594
-9052
-8617
-8858
-8761
-8682
-8629
-8863
-8548
-8622
-8777
-8825
-8790
-8877
-8690
-8604
-9038
-8811
-9069
-8788
-8929
-9008
-8934
-8879
-8810
-8920
-8721
-8835
-8841
-8950
-9084
-9093
-9016
-8904
-8759
-8596
-9120
-8691
-8910
-8541
-8812
-8793
-8553
-9068
-9005
-8724
-8932
-8799
-8998
-9097
-8591
-8919
-8939
-9094
-8620
-8545
-9092
-8621
-8541
-8659
-8907
-8749
-8759
-8977
-8821
-8872
-8855
-9170
-8951
-9091
-8937
-8923
-8856
-8682
-8821
-8601
-9123
-9005
-8670
-9029
-8779
-8746
-8874
-9148
-8829
-8707
-9073
-9146
-8717
-8655
-8741
-8751
-8953
-8597
-8979
-8673
-9161
-8769
-8738
-9118
-8883
-8832
-9162
-9173
-9184
-9070
-9187
-9104
-9156
-9103
-9133
-8635
-8725
-9051
-8872
-8771
-9148
-9120
-8924
-9218
-8760
-8702
-9061
-9194
-8693
-8659
-9242
-8646
-8737
-9124
-8859
-8847
-8891
-9211
-9041
-9219
-9028
-8646
-8795
-9094
-8625
-8817
-9205
-9045
-9204
-8643
-9013
-8953
-8883
-8654
-8873
-8838
-8906
-9128
-8769
-8667
-8801
-9216
-8857
-8797
-9244
-9029
-8829
-9132
-9233
-9010
-8989
-9259
-8850
-8723
-9168
-9148
-9253
-9161
-8980
-8917
-8732
-9293
-9131
-9037
-8700
-9105
-9243
-9241
-8884
-8916
-9194
-8874
-9118
-9151
-9006
-8747
-9204
-8991
-9245
-8730
-9006
-8696
-9249
-8966
-8690
-9257
-8877
-8774
-8962
-9006
-9109
-9215
-9010
-8800
-8734
-8730
-9258
-8747
-8705
-9115
-9233
-9211
-8967
-9254
-9185
-8746
-9066
-8780
-9206
-8770
-8787
-9231
-9121
-8752
-8851
-8908
-8898
-9015
-8998
-9333
-8886
-8783
-8784
-8883
-9123
-9188
-8754
-9169
-9341
-9258
-8838
-9174
-9291
-8824
-9031
-9044
-9131
-9355
-8737
-8950
-8741
-8934
-8808
-9159
-9111
-9223
-9096
-8835
-9212
-8839
-8773
-8825
-9131
-8791
-9360
-8890
-8752
-8776
-9302
-8817
-9290
-9051
-9216
-8783
-8893
-9202
-9001
-9046
-9065
-8930
-8827
-8970
-8893
-9243
-9012
-9220
-9287
-9394
-9108
-9369
-8917
-9269
-8784
-9001
-8969
-9410
-9327
-9215
-9073
-9265
-9064
-9052
-8899
-8835
-9346
-9301
-8910
-9201
-9175
-9249
-9181
-9291
-9253
-9426
-9063
-9037
-9259
-9339
-8832
-8951
-9286
-8998
-9347
-9406
-9315
-9182
-9380
-9388
-9241
-9419
-9118
-9401
-8903
-9226
-9246
-8963
-8949
-9135
-9293
-9444
-9292
-9212
-9154
-9049
-9363
-9292
-9322
-9207
-9235
-9412
-9368
-9011
-9045
-9369
-9233
-8887
-9133
-9179
-8956
-9210
-9204
-9130
-9157
-9227
-8873
-9052
-8954
-9358
-8854
-9357
-8934
-9053
-8889
-9446
-8871
-9312
-9025
-8952
-9235
-8926
-9037
-9050
-9009
-9471
-9379
-9232
-9255
-9090
-9078
-9309
-9279
-9305
-9365
-9271
-9194
-9235
-9300
-9321
-9299
-9354
-9088
-8907
-9141
-9510
-9347
-9342
-9391
-9385
-9048
-9085
-9015
-8930
-9230
-9538
-8928
-9471
-9499
-8933
-9139
-8998
-9420
-9492
-9302
-9068
-9208
-9511
-9120
-8983
-9329
-9353
-9324
-9378
-9118
-9240
-9298
-9246
-9060
-9164
-9484
-9245
-9490
-9176
-9165
-9139
-9442
-9183
-9515
-9031
-9357
-9264
-9335
-9459
-9063
-9210
-9042
-9504
-9023
-8981
-9359
-9160
-9239
-9406
-9115
-9181
-9214
-9254
-9523
-9064
-9054
-9427
-9029
-8964
-9539
-8998
-9317
-9532
-9071
-9482
-9078
-9215
-9426
-9407
-9564
-9603
-9179
-9069
-9581
-9559
-9486
-9155
-9050
-9206
-9479
-9055
-8988
-9391
-9378
-8985
-9007
-9219
-9470
-9040
-9265
-9239
-9137
-9180
-9383
-9468
-9550
-9128
-9536
-9087
-9511
-9359
-9437
-9262
-9624
-9251
-9384
-9527
-9333
-9647
-9059
-9336
-9289
-9077
-9176
-9651
-9498
-9224
-9039
-9292
-9311
-9030
-9607
-9448
-9630
-9281
-9348
-9335
-9470
-9500
-9193
-9327
-9598
-9120
-9615
-9174
-9628
-9274
-9136
-9405
-9649
-9403
-9485
-9606
-9165
-9268
-9250
-9454
-9372
-9666
-9496
-9109
-9578
-9214
-9338
-9156
-9168
-9166
-9352
-9468
-9182
-9134
-9172
-9400
-9214
-9115
-9509
-9597
-9697
-9399
-9493
-9626
-9308
-9144
-9603
-9096
-9141
-9513
-9680
-9147
-9237
-9406
-9656
-9405
-9330
-9485
-9094
-9585
-9668
-9698
-9313
-9700
-9221
-9654
-9438
-9495
-9573
-9240
-9191
-9290
-9644
-9346
-9238
-9622
-9200
-9231
-9330
-9104
-9550
-9163
-9581
-9583
-9134
-9225
-9547
-9341
-9645
-9596
-9616
-9447
-9222
-9645
-9130
-9696
-9664
-9738
-9520
-9126
-9503
-9632
-9663
-9378
-9175
-9176
-9533
-9475
-9456
-9716
-9617
-9721
-9642
-9661
-9453
-9731
-9177
-9172
-9461
-9705
-9695
-9718
-9762
-9198
-9389
-9489
-9282
-9446
-9169
-9393
-9577
-9644
-9685
-9752
-9675
-9300
-9490
-9697
-9648
-9802
-9302
-9252
-9369
-9678
-9256
-9277
-9185
-9517
-9533
-9817
-9592
-9735
-9263
-9654
-9714
-9329
-9243
-9687
-9217
-9247
-9336
-9321
-9698
-9657
-9499
-9744
-9794
-9586
-9326
-9310
-9500
-9401
-9643
-9653
-9330
-9352
-9205
-9724
-9276
-9625
-9341
-9661
-9720
-9234
-9236
-9386
-9290
-9240
-9697
-9758
-9722
-9470
-9594
-9636
-9472
-9618
-9236
-9436
-9251
-9408
-9565
-9726
-9600
-9440
-9598
-9478
-9829
-9522
-9407
-9725
-9597
-9545
-9554
-9847
-9367
-9426
-9434
-9744
-9832
-9515
-9536
-9849
-9596
-9249
-9816
-9568
-9589
-9820
-9739
-9295
-9399
-9806
-9335
-9867
-9576
-9730
-9463
-9776
-9804
-9797
-9654
-9530
-9531
-9279
-9666
-9474
-9778
-9550
-9475
-9485
-9511
-9521
-9746
-9488
-9481
-9903
-9416
-9579
-9442
-9383
-9542
-9643
-9389
-9411
-9472
-9754
-9882
-9921
-9642
-9904
-9729
-9418
-9769
-9835
-9689
-9601
-9468
-9457
-9809
-9378
-9913
-9896
-9496
-9529
-9557
-9314
-9788
-9531
-9934
-9527
-9786
-9848
-9540
-9879
-9563
-9786
-9699
-9662
-9687
-9626
-9732
-9364
-9959
-9938
-9737
-9483
-9346
-9883
-9789
-9779
-9854
-9639
-9417
-9866
-9584
-9346
-9836
-9426
-9856
-9945
-9820
-9350
-9766
-9642
-9950
-9621
-9584
-9456
-9981
-9786
-9787
-9995
-9745
-9554
-9633
-9717
-9644
-9968
-10003
-9714
-9811
-9711
-9855
-9677
-9379
-9555
-9472
-9986
-9882
-9981
-9594
-9913
-9731
-9805
-9696
-9904
-9531
-9932
-9457
-9429
-9714
-9871
-9533
-9673
-9754
-9989
-9961
-9617
-9714
-9852
-9433
-9579
-9524
-10005
-9705
-9521
-9596
-10015
-9738
-9664
-9766
-9954
-9533
-9729
-9607
-9894
-9768
-9467
-9731
-9627
-9461
-9632
-10054
-9882
-9915
-9694
-9879
-9945
-9803
-9726
-9583
-9588
-9545
-9716
-9928
-9698
-9449
-9641
-9833
-9562
-9697
-10007
-9784
-9507
-9966
-9662
-9776
-9698
-9943
-9489
-9674
-10009
-9964
-9961
-9933
-9766
-9592
-9501
-9711
-10028
-9831
-9468
-9761
-10078
-9679
-9569
-9462
-9914
-9848
-10096
-10043
-9615
-9469
-9958
-9731
-9937
-9711
-9847
-10091
-9714
-9584
-9541
-10091
-9975
-9766
-9695
-9733
-9576
-9961
-9875
-9996
-10000
-10054
-10016
-10058
-9901
-10055
-9627
-9881
-9618
-9738
-9681
-9651
-9668
-10086
-9719
-10053
-10092
-9807
-9511
-9873
-9646
-10067
-9770
-9725
-9972
-9686
-9894
-9587
-9836
-9685
-10110
-9537
-9899
-9649
-9778
-9820
-9894
-10158
-9834
-9794
-9982
-9720
-9558
-9583
-9923
-9564
-9840
-9763
-9754
-10154
-10121
-9566
-9708
-10112
-9574
-9943
-9802
-9809
-10122
-9852
-9629
-9986
-9683
-9875
-9943
-9819
-9599
-10128
-9631
-9994
-9853
-9682
-9884
-10131
-9761
-9663
-10178
-10138
-9571
-9918
-9796
-10001
-9625
-9672
-10114
-9831
-10033
-9870
-10178
-9807
-9580
-9773
-9729
-9696
-9985
-9604
-10033
-9924
-9664
-9673
-10066
-9972
-9996
-10116
-10088
-10022
-9653
-9889
-9965
-9813
-9712
-10185
-9987
-9813
-10179
-10112
-10051
-9941
-9819
-10128
-9770
-9901
-9621
-9719
-9992
-10228
-10236
-9863
-9910
-10172
-9993
-10160
-9876
-9997
-9806
-10242
-9879
-9844
-9879
-10258
-9796
-9707
-9743
-9645
-9988
-9729
-9856
-10144
-9894
-9815
-10013
-9640
-9732
-9935
-9674
-10150
-9772
-9926
-9776
-9959
-9820
-10094
-10039
-10035
-10214
-9812
-9990
-9734
-10062
-9679
-10226
-9798
-9974
-10022
-9966
-9720
-10208
-10012
-9920
-10032
-9828
-9851
-9698
-9968
-10246
-9957
-9794
-9984
-10250
-10159
-10174
-9892
-10315
-10316
-9770
-10242
-9964
-9850
-10102
-10305
-10273
-9990
-9970
-10033
-9944
-9886
-10142
-10124
-10237
-9915
-10142
-10127
-9945
-10326
-10260
-9701
-9888
-10068
-9715
-9852
-10092
-9778
-9825
-10069
-10181
-10311
-10195
-10224
-10132
-9731
-10248
-10326
-10163
-10360
-10223
-10050
-10211
-9739
-10335
-9894
-9875
-9860
-9761
-10100
-10084
-9737
-9926
-10231
-10193
-10164
-9825
-10059
-10266
-10195
-9754
-10191
-10264
-9795
-10210
-9810
-10164
-9782
-9933
-10232
-10314
-9871
-10367
-9863
-10065
-9858
-9871
-10105
-9763
-9802
-9831
-10136
-10191
-9935
-9815
-9990
-10229
-10355
-10191
-10188
-10228
-10060
-9785
-9932
-10362
-9920
-10316
-10221
-10331
-9969
-10381
-9909
-10334
-10041
-9786
-10280
-9946
-10046
-10124
-10062
-10008
-9908
-10188
-10368
-10345
-10245
-10312
-10010
-10218
-9884
-10239
-10074
-10247
-10308
-10035
-10069
-10340
-10177
-10179
-10256
-10282
-9863
-10075
-10445
-9836
-9840
-10044
-9832
-9868
-10377
-10374
-9836
-10201
-10379
-10318
-10186
-10121
-10137
-10256
-10360
-9927
-10355
-10297
-10401
-10355
-10192
-10005
-10072
-9848
-9914
-10076
-10304
-10079
-9974
-10067
-10148
-10273
-9864
-9905
-10107
-9972
-10353
-10200
-10067
-9908
-9986
-10401
-10344
-10028
-10127
-9955
-9923
-10281
-9916
-9866
-10048
-10414
-10011
-10024
-9956
-9972
-10170
-10308
-9940
-9927
-10162
-9983
-9926
-10388
-9959
-9991
-9923
-9967
-10244
-10378
-10340
-10207
-10129
-10374
-10424
-10418
-10130
-10252
-10456
-10139
-10176
-10306
-10512
-10489
-10051
-10139
-10194
-10277
-9960
-10213
-10541
-9960
-10159
-10290
-10137
-10029
-10539
-10324
-10207
-10272
-10273
-10400
-10197
-10327
-10245
-10495
-10422
-10190
-10436
-10467
-10288
-10357
-9928
-10516
-10487
-10314
-9973
-10419
-10239
-10032
-10576
-10386
-10130
-10472
-10491
-10139
-9952
-9949
-10542
-10159
-10062
-10206
-10009
-10560
-10439
-10548
-10535
-10295
-10406
-10128
-10363
-10465
-10408
-10548
-10103
-10344
-10165
-10264
-10253
-10486
-10041
-10148
-10415
-10583
-9995
-10376
-10368
-10129
-10306
-10315
-10485
-10452
-10222
-10245
-10571
-10608
-10285
-10196
-10008
-10566
-10496
-10131
-10093
-10596
-10024
-10596
-10120
-10590
-10140
-10194
-10181
-10378
-10382
-10283
-10592
-10013
-10238
-10507
-10644
-10615
-10327
-10594
-10171
-10254
-10464
-10021
-10019
-10288
-10599
-10575
-10155
-10344
-10627
-10506
-10305
-10465
-10283
-10501
-10075
-10586
-10251
-10572
-10255
-10418
-10229
-10108
-10193
-10568
-10385
-10074
-10147
-10552
-10186
-10274
-10561
-10435
-10678
-10605
-10385
-10480
-10259
-10294
-10273
-10251
-10608
-10289
-10329
-10215
-10304
-10477
-10312
-10400
-10413
-10552
-10262
-10657
-10518
-10407
-10668
-10435
-10409
-10613
-10187
-10211
-10559
-10300
-10619
-10667
-10554
-10210
-10295
-10318
-10112
-10511
-10544
-10333
-10362
-10685
-10339
-10656
-10650
-10702
-10438
-10473
-10113
-10404
-10567
-10569
-10150
-10585
-10157
-10415
-10574
-10596
-10280
-10410
-10323
-10414
-10531
-10368
-10526
-10232
-10622
-10512
-10566
-10370
-10700
-10259
-10644
-10581
-10737
-10376
-10485
-10327
-10444
-10449
-10394
-10283
-10676
-10231
-10503
-10361
-10622
-10506
-10155
-10289
-10195
-10185
-10750
-10769
-10337
-10216
-10295
-10337
-10632
-10314
-10328
-10447
-10401
-10150
-10222
-10478
-10610
-10391
-10401
-10366
-10719
-10382
-10685
-10176
-10259
-10465
-10301
-10228
-10287
-10659
-10240
-10611
-10203
-10704
-10688
-10626
-10798
-10708
-10423
-10411
-10191
-10681
-10548
-10349
-10180
-10620
-10799
-10774
-10668
-10438
-10419
-10382
-10301
-10494
-10587
-10461
-10531
-10315
-10573
-10285
-10693
-10687
-10743
-10597
-10597
-10515
-10832
-10735
-10562
-10234
-10306
-10737
-10728
-10522
-10207
-10476
-10377
-10574
-10365
-10459
-10397
-10759
-10849
-10468
-10349
-10396
-10664
-10852
-10520
-10494
-10526
-10262
-10333
-10234
-10367
-10281
-10611
-10574
-10566
-10372
-10762
-10724
-10768
-10675
-10418
-10298
-10700
-10719
-10804
-10447
-10579
-10412
-10344
-10636
-10538
-10262
-10734
-10399
-10420
-10714
-10422
-10621
-10256
-10892
-10520
-10459
-10480
-10725
-10636
-10435
-10641
-10487
-10404
-10776
-10900
-10796
-10871
-10811
-10544
-10467
-10290
-10742
-10397
-10600
-10615
-10587
-10307
-10834
-10357
-10346
-10372
-10520
-10561
-10597
-10781
-10335
-10775
-10912
-10368
-10771
-10527
-10464
-10818
-10616
-10395
-10878
-10534
-10741
-10445
-10404
-10669
-10798
-10655
-10455
-10735
-10375
-10387
-10314
-10669
-10708
-10905
-10371
-10826
-10647
-10547
-10871
-10506
-10434
-10441
-10583
-10643
-10361
-10885
-10608
-10404
-10394
-10395
-10376
-10549
-10439
-10820
-10590
-10809
-10852
-10460
-10399
-10367
-10752
-10538
-10714
-10940
-10771
-10715
-10657
-10645
-10763
-10903
-10602
-10740
-10976
-10535
-10523
-10404
-10844
-10595
-10681
-10593
-10428
-10370
-10524
-10522
-10414
-10960
-10435
-10975
-10711
-10761
-10660
-10415
-10495
-10449
-10437
-10891
-10540
-10854
-10931
-10765
-10502
-10899
-10497
-10898
-10939
-10691
-10913
-10707
-10958
-10567
-10722
-10477
-10867
-10526
-10683
-10654
-10469
-10651
-10822
-10524
-10892
-10591
-10959
-10827
-10944
-10808
-10550
-10887
-10986
-10599
-10554
-11018
-11027
-10910
-10649
-10640
-10928
-10672
-10854
-10716
-10860
-11010
-10883
-10745
-10847
-10650
-10497
-10738
-10599
-10883
-11030
-10747
-11034
-10905
-10917
-11011
-10744
-10986
-10643
-10929
-11018
-10658
-10877
-10479
-10941
-11042
-10453
-10936
-11033
-10757
-10487
-10719
-10845
-10554
-10932
-10935
-10540
-10565
-11056
-10795
-10581
-10900
-11046
-10481
-10889
-11014
-10719
-10948
-10670
-10982
-11103
-10603
-11012
-10989
-10521
-10913
-10834
-10967
-10515
-10542
-11030
-10988
-10548
-10763
-11050
-10514
-10806
-11009
-10684
-10765
-11129
-11085
-10719
-11104
-10843
-10729
-10767
-11085
-10542
-10795
-10773
-10545
-10881
-11066
-11002
-10824
-10766
-10981
-10990
-11130
-10557
-10977
-10529
-11102
-10940
-11007
-10621
-10873
-10551
-11137
-10857
-10801
-10809
-10737
-10805
-11151
-10675
-10943
-10924
-11099
-11013
-10926
-10582
-10925
-10712
-10688
-10965
-11055
-10554
-10690
-10675
-11152
-11138
-10910
-11039
-10598
-11162
-10998
-10933
-10945
-11068
-11156
-11189
-10667
-11007
-10928
-10747
-11018
-10859
-10822
-10911
-10632
-10803
-11151
-10673
-10896
-11127
-10580
-10778
-10987
-10910
-10668
-10848
-10682
-10994
-10635
-10943
-11051
-10621
-10969
-10811
-10706
-11153
-10594
-10990
-11056
-11170
-11003
-10849
-11076
-10984
-10788
-10920
-11181
-10814
-11140
-11137
-10884
-11099
-10957
-10732
-10716
-10819
-10746
-11076
-10906
-11038
-11053
-11139
-10867
-10810
-10727
-11081
-11147
-11237
-10746
-11189
-11177
-10649
-10778
-10889
-10760
-10720
-10934
-11133
-11211
-10828
-11033
-11030
-11045
-10699
-11222
-10893
-11258
-10768
-10920
-11014
-10704
-10768
-10802
-10646
-10859
-11141
-11280
-10974
-11123
-10990
-11285
-11090
-10811
-10716
-11045
-10785
-11076
-11087
-10825
-10745
-10782
-11239
-11160
-10950
-11157
-10802
-11254
-11054
-10859
-11098
-10764
-11098
-10751
-11071
-11232
-11096
-11053
-10677
-11115
-10889
-11259
-11141
-11025
-10907
-11270
-11258
-10945
-10699
-11150
-11265
-10688
-11072
-11330
-10775
-10930
-10993
-11306
-11148
-11281
-10949
-10722
-11305
-11237
-10800
-11197
-10943
-10718
-10807
-11185
-10841
-11062
-10941
-11345
-10717
-10800
-10970
-10855
-11174
-10826
-11142
-11321
-10778
-11046
-11081
-10952
-11289
-10925
-11128
-11081
-11280
-11162
-10920
-11349
-11208
-10777
-10880
-10894
-11317
-10810
-11266
-11271
-10924
-10911
-11047
-11197
-10956
-10821
-10814
-11127
-11300
-11087
-11296
-11291
-11113
-10914
-11227
-10882
-10876
-11098
-10976
-11086
-10897
-11177
-10779
-11149
-10770
-10835
-10818
-11000
-10919
-11381
-10993
-11014
-11018
-10954
-10913
-11280
-10850
-11264
-11381
-10914
-10790
-10845
-10855
-11304
-10878
-10964
-11258
-10844
-10886
-10815
-11392
-11397
-10914
-10895
-11265
-11067
-11072
-10810
-11116
-11276
-11411
-11298
-10962
-11234
-11223
-11188
-11005
-11122
-10819
-11025
-10979
-11207
-11153
-10983
-11050
-11417
-11369
-11300
-11188
-11375
-11313
-11430
-10830
-11048
-11172
-10985
-10831
-11082
-11351
-11096
-10925
-11313
-11086
-11044
-11251
-11208
-11118
-11179
-11471
-10875
-11187
-11249
-11248
-11004
-11252
-11147
-11081
-11422
-10929
-11300
-11432
-11098
-11031
-10868
-11190
-11084
-11191
-11307
-11139
-10926
-11448
-10916
-11486
-11402
-11282
-10940
-11226
-11278
-11384
-11359
-11085
-11340
-11289
-11255
-10888
-11390
-10927
-10879
-11451
-11307
-11143
-11154
-11150
-11449
-11266
-11085
-11388
-11358
-11088
-11137
-11426
-11009
-11267
-11430
-11214
-11144
-11459
-11200
-11266
-11050
-11213
-11364
-11120
-11069
-11275
-11439
-11034
-11419
-10938
-10994
-11493
-11448
-11467
-11379
-11150
-11134
-11148
-10961
-11379
-11042
-11034
-11553
-11500
-11516
-11039
-11471
-11138
-11196
-11365
-11156
-11329
-11035
-11325
-11524
-11445
-11366
-11553
-11153
-11353
-11560
-10974
-11257
-11075
-11263
-11268
-11551
-11071
-11054
-11002
-11347
-11364
-11133
-11516
-11457
-11553
-11085
-11539
-11041
-11205
-11367
-11422
-11211
-11081
-11249
-11561
-11017
-11073
-11387
-11470
-11123
-11594
-11188
-11341
-11418
-11336
-11213
-11091
-11325
-11294
-11249
-11517
-11044
-11214
-11020
-11025
-11166
-11184
-11385
-11507
-11128
-11039
-11068
-11049
-11359
-11185
-11085
-11006
-11469
-11515
-11612
-11165
-11502
-11619
-11369
-11543
-11587
-11581
-11490
-11372
-11422
-11289
-11363
-11466
-11571
-11275
-11407
-11314
-11123
-11267
-11040
-11218
-11039
-11489
-11446
-11652
-11663
-11487
-11050
-11606
-11385
-11069
-11381
-11122
-11481
-11403
-11245
-11068
-11465
-11415
-11485
-11209
-11259
-11607
-11409
-11093
-11220
-11182
-11316
-11348
-11273
-11480
-11310
-11578
-11374
-11093
-11165
-11180
-11480
-11466
-11501
-11124
-11677
-11259
-11306
-11396
-11420
-11098
-11697
-11093
-11256
-11695
-11081
-11334
-11537
-11329
-11384
-11438
-11709
-11256
-11560
-11681
-11080
-11252
-11081
-11249
-11692
-11316
-11171
-11559
-11228
-11639
-11434
-11218
-11290
-11597
-11181
-11161
-11232
-11364
-11558
-11561
-11542
-11182
-11231
-11174
-11242
-11669
-11599
-11253
-11221
-11209
-11222
-11159
-11111
-11641
-11206
-11568
-11643
-11465
-11244
-11683
-11324
-11337
-11623
-11433
-11517
-11482
-11300
-11381
-11566
-11239
-11444
-11597
-11192
-11523
-11324
-11291
-11603
-11706
-11674
-11696
-11432
-11511
-11687
-11304
-11357
-11607
-11581
-11206
-11689
-11645
-11722
-11495
-11162
-11262
-11420
-11601
-11593
-11502
-11748
-11302
-11730
-11768
-11800
-11380
-11231
-11313
-11543
-11292
-11283
-11708
-11450
-11218
-11737
-11553
-11242
-11179
-11312
-11378
-11505
-11672
-11228
-11291
-11786
-11740
-11718
-11223
-11213
-11688
-11422
-11499
-11521
-11726
-11227
-11438
-11483
-11480
-11660
-11314
-11472
-11759
-11201
-11276
-11499
-11279
-11782
-11665
-11772
-11276
-11683
-11827
-11422
-11727
-11359
-11239
-11575
-11440
-11304
-11503
-11552
-11515
-11296
-11801
-11620
-11571
-11607
-11411
-11583
-11825
-11334
-11474
-11374
-11421
-11714
-11608
-11402
-11630
-11538
-11647
-11303
-11274
-11411
-11297
-11499
-11803
-11644
-11297
-11883
-11565
-11610
-11846
-11270
-11323
-11639
-11881
-11537
-11862
-11508
-11409
-11653
-11781
-11617
-11268
-11711
-11332
-11464
-11615
-11379
-11519
-11394
-11445
-11484
-11414
-11763
-11684
-11511
-11402
-11743
-11362
-11708
-11606
-11715
-11683
-11410
-11698
-11873
-11555
-11465
-11623
-11343
-11601
-11586
-11575
-11908
-11566
-11614
-11535
-11446
-11707
-11397
-11580
-11641
-11914
-11860
-11880
-11347
-11883
-11349
-11666
-11460
-11667
-11486
-11678
-11394
-11855
-11913
-11411
-11812
-11813
-11489
-11686
-11351
-11384
-11469
-11851
-11950
-11873
-11689
-11598
-11697
-11891
-11829
-11360
-11691
-11954
-11870
-11795
-11495
-11575
-11338
-11648
-11578
-11932
-11938
-11712
-11732
-11579
-11404
-11670
-11488
-11510
-11757
-11522
-11938
-11638
-11597
-11584
-11795
-11576
-11966
-11585
-11870
-11813
-11827
-11724
-11703
-11432
-11600
-11828
-11680
-11516
-11420
-11757
-11753
-11635
-11515
-11661
-11462
-11759
-11735
-11639
-11584
-11907
-11541
-11864
-11775
-11589
-11789
-11998
-12004
-11948
-11871
-11679
-11824
-11857
-11735
-11929
-11658
-11850
-11930
-11836
-11519
-12019
-11684
-11565
-12041
-11664
-11526
-11744
-11761
-11958
-11602
-11708
-11812
-11610
-12026
-11637
-11648
-11871
-11687
-11881
-11730
-11771
-11449
-11430
-11482
-11837
-11675
-11912
-12063
-11778
-11918
-11872
-11900
-11780
-11938
-11652
-11817
-11798
-11600
-11444
-11755
-11672
-11626
-12067
-12069
-11907
-11583
-11690
-11671
-11687
-11534
-11750
-11658
-11770
-11555
-11789
-11688
-11932
-11691
-11802
-11930
-12096
-11648
-11583
-11951
-11996
-11867
-11833
-12102
-11967
-11640
-11793
-11804
-11810
-11760
-11928
-11938
-11526
-11754
-11892
-11589
-11868
-11595
-11915
-11885
-11808
-11491
-11942
-11854
-11941
-11802
-11633
-11784
-11893
-11507
-11553
-11603
-11606
-11934
-11848
-11633
-11507
-11545
-12062
-11729
-12141
-11822
-11907
-11838
-11522
-12100
-12149
-12068
-12024
-12085
-12040
-12082
-11898
-11991
-11523
-11622
-11581
-12025
-11581
-11591
-12043
-11797
-11896
-11812
-11590
-12002
-11905
-11833
-11632
-12099
-11746
-11915
-11997
-12144
-12009
-11584
-12048
-11989
-11890
-11994
-11824
-12163
-11578
-11679
-11955
-11788
-11968
-12174
-11608
-11615
-11882
-12121
-11804
-11612
-11590
-11608
-11705
-11715
-11640
-12031
-11804
-12040
-11702
-12199
-11986
-11805
-11901
-11810
-11857
-12019
-12130
-11912
-12066
-12204
-12112
-11860
-12111
-12152
-12130
-11730
-12065
-11700
-11648
-11718
-11739
-11595
-11857
-11996
-11946
-12169
-11974
-11840
-11865
-11939
-11920
-12154
-11786
-11684
-11710
-11937
-11847
-12201
-11936
-12143
-11790
-11610
-11992
-11793
-11753
-11999
-11818
-11831
-12256
-11752
-12060
-11751
-11891
-11841
-12001
-12083
-11789
-11642
